0.000000000000000000e+00 1.200000000000000034e+24 1.200000000000000034e+24 0.000000000000000000e+00 0.000000000000000000e+00 0.000000000000000000e+00 0.000000000000000000e+00 0.000000000000000000e+00 0.000000000000000000e+00
1.230943356361774807e-20 1.199999999999862729e+24 1.199999999999999765e+24 6.078611852847793102e+08 1.279359544750307458e-16 1.425281502632723908e-08 4.834769742027643323e+08 6.078611852843391895e+08 4.559535025627980617e-04
2.461886712723549613e-20 1.199999999999725290e+24 1.199999999999999497e+24 1.215722370569658041e+09 5.516900652888795671e-16 4.498356809998545880e-08 9.669539484059882164e+08 1.215722370568269014e+09 1.439043122012283616e-03
1.477132027634129828e-19 1.199999999998351571e+24 1.199999999999997081e+24 7.294334223427206039e+09 1.630806437942109618e-13 1.803297652436454810e-06 5.801723690478707314e+09 7.294334223371521950e+09 5.768824469167251057e-02
2.708075383995904605e-19 1.199999999996977853e+24 1.199999999999994799e+24 1.337294607629472542e+10 6.564209209051521090e-13 5.213421688724955841e-06 1.063649343259750748e+10 1.337294607613373947e+10 1.667795361747724525e-01
1.501750894761365189e-18 1.199999999983241474e+24 1.199999999999970506e+24 7.415906460584587097e+10 1.669669079257239033e-10 1.844215873532676004e-04 5.898419085783354950e+10 7.415906460015112305e+10 5.899723566036819022e+00
2.732694251123140158e-18 1.199999999969504960e+24 1.199999999999946346e+24 1.349451831363941956e+11 6.676023671847082191e-10 5.288117270861928104e-04 1.073318882876777191e+11 1.349451831200650482e+11 1.691690790049173287e+01
1.504212781474088792e-17 1.199999999832141169e+24 1.199999999999704620e+24 7.428063685294743652e+11 1.673597322237124046e-07 1.848340718997199678e-02 5.908088629909256592e+11 7.428063679587257080e+11 5.912919113290574842e+02
2.735156137835863569e-17 1.199999999694777377e+24 1.199999999999462894e+24 1.350667554022270264e+12 6.687282341705337582e-07 5.295620032092485108e-02 1.074285838154983521e+12 1.350667552387037109e+12 1.694090952260977701e+03
1.504458970145361164e-16 1.199999998321138120e+24 1.199999999997045364e+24 7.429279417709944336e+12 1.673990570554589506e-04 1.848753545786081309e+00 5.909055630276202148e+12 7.429279360622314453e+12 5.914239707622783317e+04
2.735402326507136126e-16 1.199999996947498057e+24 1.199999999994627969e+24 1.350789129136920703e+13 6.688408954226631809e-04 5.296370680770882799e+00 1.074382546847841797e+13 1.350789112782266602e+13 1.694331063643764064e+05
1.504483589012488623e-15 1.199999983211054209e+24 1.199999999970454014e+24 7.429401090393284375e+13 1.674029812585287880e-01 1.848794906737778376e+02 5.909152789856443750e+13 7.429400519504256250e+13 5.914371465044444427e+06
2.735426945374263733e-15 1.199999969474559091e+24 1.199999999946280327e+24 1.350801315136548281e+14 6.688521187745571916e-01 5.296446122735100062e+02 1.074392349367494688e+14 1.350801151587697188e+14 1.694354955212916061e+07
1.504486050899201443e-14 1.199999832105099935e+24 1.199999999704541314e+24 7.429414252077753750e+14 1.674032865219728876e+02 1.848799791999021545e+04 5.909167101247545000e+14 7.429408543176701250e+14 5.914381513336077929e+08
2.735429407260976316e-14 1.199999694730509500e+24 1.199999999462801765e+24 1.350802818617344250e+15 6.688528054508922196e+02 5.296457404267964739e+04 1.074394646122141125e+15 1.350801183127266750e+15 1.694356137940861464e+09
8.691907858205763537e-14 1.199999029911750269e+24 1.199999998293028633e+24 4.292217574080783000e+15 1.486866109889547079e+04 4.432632734901726944e+05 3.413928440400520500e+15 4.292203886620636000e+15 1.418010563325094795e+10
1.464838630915055076e-13 1.199998364972763494e+24 1.199999997123243958e+24 7.233634666051618000e+15 5.973236733746228856e+04 1.220619718033344019e+06 5.753473032327027000e+15 7.233596974801195000e+15 3.904783908252629852e+10
2.060486476009533672e-13 1.199997699911674021e+24 1.199999995953447472e+24 1.017505413115065400e+16 1.545869354279555264e+05 2.391106036103520077e+06 8.093028591203128000e+15 1.017498029687236000e+16 7.649170669112347412e+10
5.096934701958779906e-13 1.199994307704350684e+24 1.199999989989963765e+24 2.516963541288341200e+16 2.552994234945726581e+06 1.450794782344884053e+07 2.001960832017102400e+16 2.516918743306918000e+16 4.641023288167704468e+11
8.133382927908025636e-13 1.199990912308049294e+24 1.199999984026172564e+24 4.016427870224452000e+16 9.564679364536473528e+06 3.689789552417141944e+07 3.194647461714971200e+16 4.016313937354328800e+16 1.180330366885118164e+12
1.116983115385727137e-12 1.199987513722699388e+24 1.199999978062073469e+24 5.515898402286197600e+16 2.378185436727292836e+07 6.956563780993193388e+07 4.387362760060916000e+16 5.515683600821938400e+16 2.225312592215982910e+12
2.884420061720353170e-12 1.199967668233401675e+24 1.199999943340509339e+24 1.424404653463309920e+17 3.896458270166354775e+08 4.636875602656297684e+08 1.133041486397597440e+17 1.424261488103182240e+17 1.483157197080837305e+13
4.651857008054978799e-12 1.199947714992633784e+24 1.199999908608518371e+24 2.297240479143323520e+17 1.621086628024665117e+09 1.206144541170660019e+09 1.827443831061216960e+17 2.296868103200591360e+17 3.857680400497439844e+13
6.419293954389604428e-12 1.199927654268367448e+24 1.199999873866100833e+24 3.170097310772497280e+17 4.250762756047227383e+09 2.296987574441209316e+09 2.521943298952817600e+17 3.169388205826913280e+17 7.345993006118975000e+13
8.186730900724230057e-12 1.199907486338103458e+24 1.199999839113258335e+24 4.042975139918144000e+17 8.811608178041524887e+09 3.736235311134262562e+09 3.216539870028632320e+17 4.041821804458890240e+17 1.194788392213042500e+14
2.061485193772795638e-11 1.199762665848942050e+24 1.199999594446639770e+24 1.018139975394702720e+18 1.405689607457876282e+11 2.370049731522667313e+10 8.103489642669306880e+17 1.017408725734963072e+18 7.574749527998742500e+14
3.304297297473168108e-11 1.199612648972091476e+24 1.199999349264757199e+24 1.632086009460683520e+18 5.788849867200999756e+11 6.091229282293729401e+10 1.299523652074681344e+18 1.630207554473637632e+18 1.945676207186919000e+15
4.547109401173540255e-11 1.199457525560737844e+24 1.199999103567762557e+24 2.246135404860279296e+18 1.508422848496024902e+12 1.153901572155693054e+11 1.789177706252142592e+18 2.242578654105180160e+18 3.683751592737208500e+15
5.789921504873912402e-11 1.199297383766411021e+24 1.199998857355794223e+24 2.860287956727228928e+18 3.113715037176168945e+12 1.871528465701418457e+11 2.279310797624358400e+18 2.854522002444389888e+18 5.971386456618287000e+15
1.166817137838786685e-10 1.198474552417080987e+24 1.199997685850022900e+24 5.766496875689233408e+18 2.546683517646017969e+13 7.613149413276137695e+11 4.604021443775922688e+18 5.743094368795763712e+18 2.422757658298834000e+16
1.754642125190182065e-10 1.197550116322616520e+24 1.199996502843471755e+24 8.674988287159949312e+18 8.654091247624610938e+13 1.724368538741013672e+12 6.939404676175887360e+18 8.622097819625657344e+18 5.473529892539526400e+16
2.342467112541577187e-10 1.196532184698284273e+24 1.199995308352222486e+24 1.158574296418495898e+19 2.057632726027632500e+14 3.078024662966335449e+12 9.285424566905571328e+18 1.149153393928628429e+19 9.745946206744243200e+16
2.930292099892972308e-10 1.195428271621444083e+24 1.199994102393038082e+24 1.449874295111559987e+19 4.025069941576892500e+14 4.823874597194574219e+12 1.164204468604219597e+19 1.435140618441136947e+19 1.523642250233280320e+17
3.518117087244367430e-10 1.194245338151839458e+24 1.199992884982807697e+24 1.741397161167043584e+19 6.960893878447045000e+14 6.963424543822029297e+12 1.400922858097472512e+19 1.720171933742549197e+19 2.194136255966705280e+17
5.224901407333903512e-10 1.190418025364603458e+24 1.199989285421173390e+24 2.589100610721893581e+19 2.275162075450863000e+15 1.541967300082993164e+13 2.094201714608267674e+19 2.542365907872602522e+19 4.825900226117228160e+17
6.931685727423439595e-10 1.186112782814956969e+24 1.199985589872665886e+24 3.438638292096240435e+19 5.301377052849584000e+15 2.723999844813450391e+13 2.796267237373829120e+19 3.356525057150464410e+19 8.469788510949504000e+17
8.638470047512975677e-10 1.181441326952432349e+24 1.199981798752815621e+24 4.289985401466795622e+19 1.023983247435753800e+16 4.245579157846085156e+13 3.507030258160923443e+19 4.162674843655832371e+19 1.311710572025448192e+18
1.034525436760251279e-09 1.176491783221137818e+24 1.199977912480545383e+24 5.143124495798375219e+19 1.755153355438564600e+16 6.109780483523504688e+13 4.226401088572751872e+19 4.960847032377682330e+19 1.875922461334441984e+18
1.407552918221480355e-09 1.165005941415686384e+24 1.199969089622456157e+24 7.013902723335556301e+19 4.399992724744451200e+16 1.139249900243372344e+14 5.828153504092492595e+19 6.677713399825338368e+19 3.451215664558797312e+18
1.780580399682709431e-09 1.153053420805861157e+24 1.199959818672287452e+24 8.893132672802140979e+19 8.866676702057328000e+16 1.836339904037069375e+14 7.469647270706690458e+19 8.357079523059340083e+19 5.488842346241336320e+18
2.153607881143938713e-09 1.140994611350824597e+24 1.199950104020336853e+24 1.078080581688559043e+20 1.561781376178304960e+17 2.706429438364167812e+14 9.149938799423804211e+19 9.999403426853516083e+19 7.980181926426789888e+18
2.526635362605167995e-09 1.129028216251620021e+24 1.199939950076216815e+24 1.267701483620580065e+20 2.510718847480575680e+17 3.754453408585372500e+14 1.086808531829486223e+20 1.160523193021061693e+20 1.091677610692855194e+19
3.297071096744355671e-09 1.104994606736013879e+24 1.199917606606330357e+24 1.662103959258464584e+20 5.526228016887117440e+17 6.508475134544617500e+14 1.453256971177388114e+20 1.480887232386453668e+20 1.835571644942283366e+19
4.067506830883542933e-09 1.082422346440724389e+24 1.199893445643141753e+24 2.060334789915278049e+20 1.027958662399165440e+18 1.010601398460316625e+15 1.834673892211594035e+20 1.786453014893392364e+20 2.758526515017964339e+19
4.837942565022730608e-09 1.061496776137667114e+24 1.199867504043010644e+24 2.462528621421010289e+20 1.713782089648769024e+18 1.461706971612064000e+15 2.230316493349540004e+20 2.077751304086773432e+20 3.853256317591620813e+19
5.608378299161918284e-09 1.042160014828706682e+24 1.199839817587718533e+24 2.868823254819307192e+20 2.645243276355943936e+18 2.012183827783748250e+15 2.639491850028289556e+20 2.355322776745211331e+20 5.112502099162193920e+19
7.044845856650344404e-09 1.009949116507480111e+24 1.199783654335369747e+24 3.637735797967859876e+20 5.151001419415394304e+18 3.335273747572663000e+15 3.436399554100044104e+20 2.838044907178158326e+20 7.874924884479649382e+19
8.481313414138770524e-09 9.821650110494783968e+23 1.199721759012507070e+24 4.422074709001103606e+20 8.830525615434657792e+18 5.096649550195847000e+15 4.274403703129381929e+20 3.278347565334145270e+20 1.113804319378481971e+20
9.917780971627196645e-09 9.581013919306893419e+23 1.199654333226408143e+24 5.222425649701064540e+20 1.387156118492498739e+19 7.361931113063307000e+15 5.150213509750061138e+20 3.679534558316657377e+20 1.485689498144201114e+20
1.135424852911562277e-08 9.371405936481721354e+23 1.199581565324000800e+24 6.039234328869686477e+20 2.044421155808777830e+19 1.019872879280844600e+16 6.060969134110243553e+20 4.044738336372482376e+20 1.898838898712413471e+20
1.417245292509659350e-08 9.033362610923243485e+23 1.199423933220869548e+24 7.690577941565478011e+20 3.834617211363772826e+19 1.767864614486923600e+16 7.940291331148805571e+20 4.667541225405451469e+20 2.814119518618829783e+20
1.699065732107756259e-08 8.768478899829297623e+23 1.199247616243885717e+24 9.408048533848217354e+20 6.371446175927440998e+19 2.808924388282510400e+16 9.928525758065538499e+20 5.182957492533462303e+20 3.844858816067163259e+20
1.980886171705853167e-08 8.557242961393716098e+23 1.199053686963695048e+24 1.119265341843429786e+21 9.735963114312345190e+19 4.185236627195551200e+16 1.201216236623457681e+21 5.608446285401676186e+20 4.966904404781341737e+20
2.262706611303950075e-08 8.386613813045076720e+23 1.198843080704680031e+24 1.304500518415912141e+21 1.399134382705963663e+20 5.931976366763530400e+16 1.417997374935699816e+21 5.958815782978677637e+20 6.160142047835454177e+20
2.760245037271681986e-08 8.159177111299794697e+23 1.198432932883497117e+24 1.648181719290084852e+21 2.381316014682616627e+20 9.995696665295136000e+16 1.818481236617033941e+21 6.429656633929754214e+20 8.393896631840916111e+20
3.257783463239413897e-08 7.994291940905924302e+23 1.197977108057008938e+24 2.013269272746826138e+21 3.674882196354428436e+20 1.539863235947595520e+17 2.237856711042466841e+21 6.759213218517133558e+20 1.072950611719754351e+21
3.755321889207145808e-08 7.869936988215958475e+23 1.197478663355221898e+24 2.399953119728890282e+21 5.291319592119456236e+20 2.219485430627964160e+17 2.672501999186048713e+21 6.988329181735604716e+20 1.311907253032332034e+21
4.252860315174877719e-08 7.773596668242744658e+23 1.196939979942354305e+24 2.808438159278990164e+21 7.236247713482334536e+20 3.039979952638021760e+17 3.119497264315555643e+21 7.145790163984090399e+20 1.553293195505375904e+21
5.164660217117865983e-08 7.647267440446403468e+23 1.195854005340898863e+24 3.613747299265077576e+21 1.165727325879369335e+21 4.903490741851697280e+17 3.963907392803399270e+21 7.307865114294660628e+20 1.996627168993347895e+21
6.076460119060854909e-08 7.557588817340093222e+23 1.194647734436396777e+24 4.492544962518243607e+21 1.718735035960759157e+21 7.222319098455939840e+17 4.831757144324374004e+21 7.380056524570073498e+20 2.435303812497507090e+21
6.988260021003843835e-08 7.488744759262304472e+23 1.193327128775691434e+24 5.444451436590020952e+21 2.381465694994235916e+21 9.979642804117601280e+17 5.715660267562406511e+21 7.408733666366510858e+20 2.867150696987949531e+21
7.900059922946832761e-08 7.434029392515159441e+23 1.191896075001817870e+24 6.468720616973185057e+21 3.152285776592485482e+21 1.315933563036439808e+18 6.610740414694000951e+21 7.415364704265057075e+20 3.292537942740033339e+21
9.624449645062287530e-08 7.357391447316496468e+23 1.188896330433461314e+24 8.599294955162671514e+21 4.900460486306442510e+21 2.028408044163094784e+18 8.324081061322860528e+21 7.399471950899700040e+20 4.082337044043764597e+21
1.134883936717774230e-07 7.299795986435832545e+23 1.185524461184827529e+24 1.097540683903343054e+22 7.021309487794093031e+21 2.881241455923547136e+18 1.005149074910028077e+22 7.385386661806364426e+20 4.856967893712281534e+21
1.307322908929319707e-07 7.252592207020776363e+23 1.181789236149953979e+24 1.358681397334526394e+22 9.507745712450811462e+21 3.871552198712135680e+18 1.178494305273281459e+22 7.384749632116136346e+20 5.621093248970428252e+21
1.479761881140865183e-07 7.212036430859971320e+23 1.177696965348526702e+24 1.642280976163726059e+22 1.235387355794693423e+22 4.998611155355431936e+18 1.352035538879438966e+22 7.397065533498957496e+20 6.377966852296511848e+21
1.825211143647043426e-07 7.139138196602809200e+23 1.168450138874605350e+24 2.273613201903454677e+22 1.911464167078515389e+22 7.670285951555726336e+18 1.699178483504630465e+22 7.467219961941794488e+20 7.878654110947438756e+21
2.170660406153221669e-07 7.070086708692908025e+23 1.157842500104566017e+24 2.982384663736290273e+22 2.725164199910229357e+22 1.090469373748809933e+19 2.044623158111462280e+22 7.587668391440096952e+20 9.365484205877945696e+21
2.516109668659400177e-07 6.998866918563689865e+23 1.145926900716619870e+24 3.760634069488031393e+22 3.671552984525671131e+22 1.472380458016365158e+19 2.387233673285590214e+22 7.763218344976348611e+20 1.084280212106649797e+22
2.861558931165578684e-07 6.921979712544474629e+23 1.132764239799672591e+24 4.600453046689615944e+22 4.744873183249384342e+22 1.916126734188594790e+19 2.726082281472514641e+22 7.997826549811662029e+20 1.231323390529690508e+22
3.207008193671757192e-07 6.838412765214300617e+23 1.118422265209576300e+24 5.493952151445129134e+22 5.938591512602111430e+22 2.426141217189719654e+19 3.060495595361836361e+22 8.287431487638933340e+20 1.377868336796165734e+22
3.950420949172031102e-07 6.637468277119963407e+23 1.083922308763422319e+24 7.563753155785532637e+22 8.880587283749056125e+22 3.775750936626002330e+19 3.761741286015126576e+22 9.090280767756621578e+20 1.692622394905841789e+22
4.693833704672305013e-07 6.408763647000903323e+23 1.045122450290987160e+24 9.774860125173046890e+22 1.226768622351999975e+23 5.524479125172759757e+19 4.431850388064952753e+22 1.014661190817402978e+21 2.008287107169275347e+22
5.437246460172578923e-07 6.157339944686735684e+23 1.002897688785390318e+24 1.205953616212804187e+23 1.601482399880789843e+23 7.758684808160087245e+19 5.063965337797974295e+22 1.147562472908011864e+21 2.326848906851785690e+22
6.180659215672852833e-07 5.888915472033050840e+23 9.581572288602406797e+23 1.435588620710312306e+23 2.003327760146529119e+23 1.058987118885027348e+20 5.651970690198411621e+22 1.310022208411536458e+21 2.650028333635002905e+22
7.361638561808880224e-07 5.439753048809442493e+23 8.840935692745348963e+23 1.789774131338353396e+23 2.676106665452446627e+23 1.668389025434367754e+20 6.483476455804477060e+22 1.635926450994808881e+21 3.175676378792761229e+22
8.542617907944907615e-07 4.979345219018405991e+23 8.092479023668195251e+23 2.115133609511785836e+23 3.362816231818097601e+23 2.537775909218269594e+20 7.176007716827643353e+22 2.056260482573936361e+21 3.718087172178215908e+22
9.723597254080933947e-07 4.524678229621067104e+23 7.364409019122407440e+23 2.398838914213205854e+23 4.035707628377647549e+23 3.761754989399627530e+20 7.721808612060888983e+22 2.583309822337976631e+21 4.275858437659911258e+22
1.090457660021696028e-06 4.089444916932189880e+23 6.678210804092123270e+23 2.633809149540369328e+23 4.673522218721334631e+23 5.458685990591136399e+20 8.121257362406665460e+22 3.225689786068569162e+21 4.844082181724697317e+22
1.220102250072063958e-06 3.645080861709419697e+23 5.989553433994084410e+23 2.833620290812935846e+23 5.316854688306986284e+23 8.030813376339067535e+20 8.401506519501801049e+22 4.065330100462240137e+21 5.470331035088136752e+22
1.349746840122431887e-06 3.242682901567582524e+23 5.377871575038317455e+23 2.975316393632637114e+23 5.891020165059777428e+23 1.153188735594660626e+21 8.536185643987937893e+22 5.034254228054418129e+21 6.085979554585697373e+22
1.479391430172799817e-06 2.884744273941624657e+23 4.844820752380800543e+23 3.065709484218955942e+23 6.393699243834756689e+23 1.614118684438451978e+21 8.553096989823777479e+22 6.105227381783149937e+21 6.676503086320441727e+22
1.609036020223167747e-06 2.570283712296305400e+23 4.386424377777539284e+23 3.113674752962538745e+23 6.827982673080081606e+23 2.199404012154267107e+21 8.482463179749560680e+22 7.239224096112132489e+21 7.229395803523978258e+22
1.757645513560285555e-06 2.259127600021167449e+23 3.943397436773505717e+23 3.128316197729134466e+23 7.249800254927508823e+23 3.030939671109884707e+21 8.329712658514646873e+22 8.561428521989084021e+21 7.806333505450920641e+22
1.906255006897403364e-06 1.994741319975648562e+23 3.576559053899024375e+23 3.111827594626137797e+23 7.600910200866854079e+23 4.031275442747945779e+21 8.133631407896221293e+22 9.851430819210796728e+21 8.316983490491686742e+22
2.054864500234521384e-06 1.770430797901319855e+23 3.273437831237215579e+23 3.074572218732237805e+23 7.892492773567503490e+23 5.185252073984688652e+21 7.919511945772298928e+22 1.106651456680300328e+22 8.761875949294756823e+22
2.203473993571639404e-06 1.579871027492437277e+23 3.022823071516900752e+23 3.024432741609006946e+23 8.134701363624312654e+23 6.468644399116010390e+21 7.703714551338546024e+22 1.218332376269534632e+22 9.145796736473989382e+22
2.347017768636717008e-06 1.422594238727358796e+23 2.821605230559467426e+23 2.969169854554147673e+23 8.329986428718855813e+23 7.804293449229729268e+21 7.503052708902378825e+22 1.316121821049180809e+22 9.465114096432478736e+22
2.490561543701794611e-06 1.287369096465215893e+23 2.653394889190369101e+23 2.910760483475263261e+23 8.493815283115066990e+23 9.207645517036385206e+21 7.315446737592106615e+22 1.404125267266474135e+22 9.740349805962142417e+22
2.634105318766872214e-06 1.170687287921732275e+23 2.512430835473343389e+23 2.851562183714851080e+23 8.631478707295634388e+23 1.065390966773709275e+22 7.144130388220929953e+22 1.482865597855839342e+22 9.977678741279079609e+22
2.777649093831949818e-06 1.069601909760399151e+23 2.393973604433384933e+23 2.793189210685336065e+23 8.747349760834214895e+23 1.212093238397898850e+22 6.990673735822906229e+22 1.553176640944874088e+22 1.018285893986693121e+23
2.921192868897027421e-06 9.816466876600521484e+22 2.294152993881274691e+23 2.736717274989361931e+23 8.845024888851589203e+23 1.358982400233512842e+22 6.855252762264089290e+22 1.616118889382214736e+22 1.036118956322131123e+23
3.160293775889238501e-06 8.588887298523373607e+22 2.160947268953652446e+23 2.648544263313335255e+23 8.975096985015239070e+23 1.600083859478759762e+22 6.668180020723713678e+22 1.707432028972807042e+22 1.061093488235611423e+23
3.319449622582445418e-06 7.906514259436227265e+22 2.090716290727193147e+23 2.594322636370667519e+23 9.043289842955493143e+23 1.756021182675014176e+22 6.568237387508633672e+22 1.760700627011123963e+22 1.075163992389464988e+23
3.478605469275652335e-06 7.311924051880238383e+22 2.032199301831863189e+23 2.543796543257078902e+23 9.099626504670082373e+23 1.907159555315838065e+22 6.487058203060052427e+22 1.808943513952332231e+22 1.087642565356270586e+23
3.637761315968859251e-06 6.791509614939499764e+22 1.983433112674285566e+23 2.496925945973443784e+23 9.145992967781386908e+23 2.052858247816914403e+22 6.422932662692787467e+22 1.853170494435279399e+22 1.098854571516553593e+23
3.796917162662066168e-06 6.334264065934085220e+22 1.942891730294829492e+23 2.453574833657664598e+23 9.183891321526794595e+23 2.192794211006026665e+22 6.373569924986445391e+22 1.894416805402684634e+22 1.109076902563618153e+23
3.956073009355272661e-06 5.931139899901283297e+22 1.909279179849155100e+23 2.413540731354242194e+23 9.214582996559468272e+23 2.326901625945942550e+22 6.337608007776570494e+22 1.933202251691608087e+22 1.118514844998947821e+23
4.311555071128625033e-06 5.191629461776566216e+22 1.854341908717575571e+23 2.334938058875175552e+23 9.261872636784729517e+23 2.605765459531467745e+22 6.301273459531418960e+22 2.012511905427807116e+22 1.137443561003551440e+23
4.667037132901977406e-06 4.621569203313866231e+22 1.820012480000686618e+23 2.269413250402096209e+23 9.287045989078612165e+23 2.857463807875888447e+22 6.313845260566140237e+22 2.085732346007437653e+22 1.154498533165447994e+23
5.022519194675329779e-06 4.175938456505301336e+22 1.800259640289834670e+23 2.214819246232710666e+23 9.296279929974228433e+23 3.084931908483889601e+22 6.364175731023619608e+22 2.155857597251173168e+22 1.170503283516156517e+23
5.378001256448682152e-06 3.824524636750724517e+22 1.791111057897709067e+23 2.169311560727280128e+23 9.293715728801975102e+23 3.291478648593382480e+22 6.444449913169781771e+22 2.224425650334621657e+22 1.185901432319534820e+23
6.090349985697570917e-06 3.309063198596820212e+22 1.792650440091372995e+23 2.098412988351765367e+23 9.265894816598987605e+23 3.656066174835552053e+22 6.668627115295877838e+22 2.361713438483926116e+22 1.216046776265476229e+23
6.802698714946459681e-06 2.980949743532529785e+22 1.812709252937124487e+23 2.049450143264459603e+23 9.216362463205171554e+23 3.964700624528395888e+22 6.959712077956426550e+22 2.501596212098536728e+22 1.245885364330072816e+23
7.515047444195348446e-06 2.768192796201217688e+22 1.842659445554342726e+23 2.016111593404494648e+23 9.154555365374638823e+23 4.230648850587242725e+22 7.296174354080485868e+22 2.646817578318000921e+22 1.275952949687045608e+23
8.543238652857176830e-06 2.582249887598795083e+22 1.894340387929942550e+23 1.986935090437665199e+23 9.053986931020422751e+23 4.560028768360035726e+22 7.835598111240643989e+22 2.866926497355430416e+22 1.319785558027896808e+23
9.571429861519005215e-06 2.464698290081401248e+22 1.948677668374516335e+23 1.970841695716531849e+23 8.948838439542988787e+23 4.849135150639218059e+22 8.412742391060319384e+22 3.098398730775667776e+22 1.363693551195784594e+23
1.059962107018083360e-05 2.380153124965151723e+22 2.003122459693144112e+23 1.961623041412407797e+23 8.842705970222287563e+23 5.114632907923513357e+22 9.013796399178984718e+22 3.338533661507278235e+22 1.406963505896289353e+23
1.162781227884266198e-05 2.315565340159529661e+22 2.056990939822514661e+23 1.956171361785630415e+23 8.736735426513551145e+23 5.364046860254643959e+22 9.633190843363546156e+22 3.585386660018278892e+22 1.449228188611703126e+23
1.379471104384110771e-05 2.211957264294368982e+22 2.166088808990392168e+23 1.950342653020646031e+23 8.517450013086302318e+23 5.850768878820438258e+22 1.098199002589370369e+23 4.124503084858777534e+22 1.534723358745874829e+23
1.596160980883955173e-05 2.133219075138326941e+22 2.268192080667420561e+23 1.948812901662451103e+23 8.305349854365817294e+23 6.294958821863979169e+22 1.237633444100429662e+23 4.685552330944635784e+22 1.615282691392292593e+23
1.812850857383799746e-05 2.064538033265427087e+22 2.362937584255264233e+23 1.948412935494744272e+23 8.101496090376432465e+23 6.706207549835782704e+22 1.380268820648460487e+23 5.263917564526042127e+22 1.690863835694194460e+23
2.167374014273679652e-05 1.966182139431661601e+22 2.503262799957199862e+23 1.948129281164728022e+23 7.785376354058680444e+23 7.317927150520162373e+22 1.618461162641521818e+23 6.238475089065013150e+22 1.804260535065793465e+23
2.521897171163559558e-05 1.879356202904059485e+22 2.626990467952688035e+23 1.947148640781273326e+23 7.490111932792398980e+23 7.863702037611714655e+22 1.860058761261642542e+23 7.236536456777068813e+22 1.905736443051396940e+23
2.876420328053439464e-05 1.803952647908022341e+22 2.736063543082964128e+23 1.946316802940413799e+23 7.214413093392986669e+23 8.350218454672704589e+22 2.102721027987748537e+23 8.246883762018213639e+22 1.996325706606788938e+23
3.230943484943319370e-05 1.738018143854150025e+22 2.832066684164804738e+23 1.945886556236012197e+23 6.957247278456992789e+23 8.784109558245381007e+22 2.344349494556785210e+23 9.259738656351767757e+22 2.077022588723003140e+23
3.744321717074597291e-05 1.654785419248278910e+22 2.950759486271397204e+23 1.945357599003139679e+23 6.615652498031054674e+23 9.331597590334981485e+22 2.688899442744711646e+23 1.071468203023222660e+23 2.178276597673304911e+23
4.257699949205875212e-05 1.583190561068252188e+22 3.048831803864413016e+23 1.944772186051408665e+23 6.307713871965660234e+23 9.796598889595281605e+22 3.023445093833372766e+23 1.213820687192113566e+23 2.263463561153829468e+23
4.771078181337153133e-05 1.521354377208935743e+22 3.129647164463525512e+23 1.944200324527461572e+23 6.030323648630451968e+23 1.019142014903085171e+23 3.345058565784093401e+23 1.351587695121018294e+23 2.334999813075639804e+23
5.284456413468431054e-05 1.467466255309930181e+22 3.196075892907863955e+23 1.943727761687782852e+23 5.780535776402237911e+23 1.052691141613016391e+23 3.651792051203498825e+23 1.483761753612472990e+23 2.394984615063725613e+23
6.091654501588142904e-05 1.395674353138955767e+22 3.277183195314089854e+23 1.943097456374117910e+23 5.436894968107662427e+23 1.095606424749891629e+23 4.101569078074102902e+23 1.678878853489665612e+23 2.470274600289172665e+23
6.898852589707854077e-05 1.336482343970721392e+22 3.336246461190086653e+23 1.942551942020056283e+23 5.145052142271848545e+23 1.128962393905173962e+23 4.510157850228543361e+23 1.857405826358450785e+23 2.527244934048840407e+23
7.706050677827564572e-05 1.287274234779793359e+22 3.379004092364086680e+23 1.942077388028830443e+23 4.896705351154266056e+23 1.154969481975781476e+23 4.878219932646650109e+23 2.019226159774523709e+23 2.570361161883730607e+23
8.513248765947275067e-05 1.245946032845290576e+22 3.409754072658020045e+23 1.941677205664232437e+23 4.684780375514846404e+23 1.175340920650390579e+23 5.207905292246123985e+23 2.164959270612278434e+23 2.603025792466018653e+23
9.724787486498681004e-05 1.195497922536290019e+22 3.440104045554311071e+23 1.941182906603155164e+23 4.422440622102948925e+23 1.198091711201892578e+23 5.637032171407514848e+23 2.355739616152111347e+23 2.637878477042675383e+23
1.093632620705008694e-04 1.155732102482050521e+22 3.457863196697026741e+23 1.940780595984959506e+23 4.213256654170189317e+23 1.214161126215811565e+23 5.996785938940765133e+23 2.516611754390673970e+23 2.660974329902914129e+23
1.214786492760149288e-04 1.124046136232729222e+22 3.467754428301631774e+23 1.940455644228504833e+23 4.045280737181561237e+23 1.225646291212942002e+23 6.297608551629103416e+23 2.651780955195375847e+23 2.676321063475657667e+23
1.335940364815289881e-04 1.098562283853967681e+22 3.472772937955620726e+23 1.940192755875501352e+23 3.909512540709924341e+23 1.233956913733130382e+23 6.548893227354546189e+23 2.765141385081758281e+23 2.686535736918299116e+23
1.546544728413870844e-04 1.065297294535407593e+22 3.475127311237960958e+23 1.939847035504953855e+23 3.731486353460407283e+23 1.243463426167787980e+23 6.889966504018810451e+23 2.919659321954547259e+23 2.696806076331264573e+23
1.757149092012451808e-04 1.041783517583494454e+22 3.473777772422020035e+23 1.939597364622691265e+23 3.605559738021528344e+23 1.249192484647964319e+23 7.139493197813806373e+23 3.033181299081520842e+23 2.701831691012523059e+23
1.967753455611032771e-04 1.024946254177008353e+22 3.471202478054778098e+23 1.939416967186843120e+23 3.515180453179868190e+23 1.252767148559114751e+23 7.322993049045064388e+23 3.116921517961219198e+23 2.704240999197679320e+23
2.178357819209613734e-04 1.012757137662599286e+22 3.468473556622667877e+23 1.939287136632842486e+23 3.449753203397413589e+23 1.255065575606224893e+23 7.458206877595728075e+23 3.178766272040528815e+23 2.705339515443894980e+23
2.599887295387820919e-04 9.977925262533858427e+21 3.464104695866610239e+23 1.939127163477087067e+23 3.369447803681637317e+23 1.257543004900954923e+23 7.626970452756625705e+23 3.256124475093044230e+23 2.705924509384739274e+23
3.021416771566028375e-04 9.897188065778679677e+21 3.461277992895440392e+23 1.939038758348698556e+23 3.326161226507727279e+23 1.258719345734181716e+23 7.719238313897623468e+23 3.298496536451043463e+23 2.705883337677461300e+23
3.442946247744235830e-04 9.851205045325393822e+21 3.459514238273738076e+23 1.938988913550978250e+23 3.301486413041605060e+23 1.259337991942620903e+23 7.772252931930107014e+23 3.322865795373733197e+23 2.705746011283646778e+23
3.864475723922443286e-04 9.824862120998550372e+21 3.458451834589652284e+23 1.938960558270642483e+23 3.287346323019484858e+23 1.259675310793294285e+23 7.802775128180885312e+23 3.336903097887925333e+23 2.705628918178841939e+23
4.799714743018544541e-04 9.797590832102630228e+21 3.457312311063220616e+23 1.938930905006480598e+23 3.272687328190468635e+23 1.260014453447281145e+23 7.834519724158250060e+23 3.351504631093982701e+23 2.705481261611604519e+23
5.734953762114645796e-04 9.793020403807596577e+21 3.457117345280390920e+23 1.938925956976955191e+23 3.270237537617307668e+23 1.260069881596838108e+23 7.839836758371379184e+23 3.353953486074403703e+23 2.705453475501515263e+23
6.670192781210747051e-04 9.793610507818348052e+21 3.457142053421873344e+23 1.938926578859672884e+23 3.270564855593190231e+23 1.260062128976966934e+23 7.839129732664443682e+23 3.353631170931139365e+23 2.705456232246633017e+23
6.811133239295501848e-04 9.794036442768630350e+21 3.457144135913163540e+23 1.938999651550777961e+23 3.270590691710443895e+23 1.260059313124761582e+23 7.839076037387525911e+23 3.353606680525352689e+23 2.705454083508383127e+23
6.952073697380256644e-04 9.793705031052602376e+21 3.457144886350386152e+23 1.938931432351541347e+23 3.270610626779860005e+23 1.260060025072126085e+23 7.839033500216264271e+23 3.353589057612718979e+23 2.705455248606002309e+23
8.361478278227804607e-04 9.793785029065632121e+21 3.457149641581722033e+23 1.938926188924398752e+23 3.270671629571666278e+23 1.260058786417027507e+23 7.838901191414557327e+23 3.353528355903876083e+23 2.705456039319006934e+23
9.770882859075351486e-04 9.793817989485938344e+21 3.457150900227829274e+23 1.938926795074419378e+23 3.270687354446022831e+23 1.260058421474134516e+23 7.838867051186736018e+23 3.353512620905416580e+23 2.705456212176206215e+23
9.781893832363224191e-04 9.793818169849919046e+21 3.457150905681297560e+23 1.938926804991202914e+23 3.270687421345154183e+23 1.260058419786512345e+23 7.838866905850216815e+23 3.353512553695311477e+23 2.705456212807188585e+23
9.784096027020798298e-04 9.793818198125966262e+21 3.457150906627945262e+23 1.938926805642732676e+23 3.270687432971353493e+23 1.260058419497998924e+23 7.838866880585766944e+23 3.353512542022028587e+23 2.705456212925971610e+23
9.786298221678372405e-04 9.793818222612361249e+21 3.457150907543812141e+23 1.938926805661608386e+23 3.270687444306780163e+23 1.260058419225258434e+23 7.838866855958973419e+23 3.353512530660402617e+23 2.705456213050203539e+23
9.790702610993520620e-04 9.793818263633795219e+21 3.457150909333496157e+23 1.938926805276253519e+23 3.270687466822619407e+23 1.260058418718123124e+23 7.838866807084441393e+23 3.353512508165944928e+23 2.705456213313700118e+23
9.791583488856551130e-04 9.793818271780932944e+21 3.457150909690060315e+23 1.938926805246916543e+23 3.270687471315271968e+23 1.260058418617729774e+23 7.838866797333689884e+23 3.353512503678574505e+23 2.705456213366016511e+23
9.791759664429158100e-04 9.793818273403761590e+21 3.457150909761268860e+23 1.938926805246863527e+23 3.270687472213432174e+23 1.260058418597800454e+23 7.838866795384535746e+23 3.353512502781625615e+23 2.705456213376433484e+23
9.791794899543680361e-04 9.793818273728348291e+21 3.457150909775508018e+23 1.938926805247139009e+23 3.270687472393046364e+23 1.260058418593822073e+23 7.838866794994745989e+23 3.353512502602261741e+23 2.705456213378512181e+23
9.791830134658202622e-04 9.793818274053209719e+21 3.457150909789748519e+23 1.938926805247548709e+23 3.270687472572649817e+23 1.260058418589845034e+23 7.838866794604984418e+23 3.353512502422907933e+23 2.705456213380589200e+23
9.791844228704011527e-04 9.793818274183222657e+21 3.457150909795443377e+23 1.938926805247734600e+23 3.270687472644489185e+23 1.260058418588254218e+23 7.838866794449085158e+23 3.353512502351168558e+23 2.705456213381419337e+23
9.791858322749820431e-04 9.793818274313292218e+21 3.457150909801137565e+23 1.938926805247937604e+23 3.270687472716326539e+23 1.260058418586663403e+23 7.838866794293189925e+23 3.353512502279429182e+23 2.705456213382249474e+23
9.791886510841438240e-04 9.793818274573638959e+21 3.457150909812528623e+23 1.938926805248404347e+23 3.270687472859995880e+23 1.260058418583481101e+23 7.838866793981414222e+23 3.353512502135956470e+23 2.705456213383909076e+23
9.791892148459761802e-04 9.793818274625730118e+21 3.457150909814805627e+23 1.938926805248501319e+23 3.270687472888728540e+23 1.260058418582844741e+23 7.838866793919059350e+23 3.353512502107262062e+23 2.705456213384240929e+23
9.791897786078085364e-04 9.793818274677827568e+21 3.457150909817083302e+23 1.938926805248601311e+23 3.270687472917461871e+23 1.260058418582208381e+23 7.838866793856704478e+23 3.353512502078567654e+23 2.705456213384572783e+23
9.791899496851023607e-04 9.793818274693635899e+21 3.457150909817773852e+23 1.938926805248632181e+23 3.270687472926181326e+23 1.260058418582015107e+23 7.838866793837782463e+23 3.353512502069860279e+23 2.705456213384673446e+23
9.791900797434997892e-04 9.795040411322138231e+21 3.457157555242668718e+23 1.938934524822604879e+23 3.270687428545927237e+23 1.260058420433282075e+23 7.838854068659854833e+23 3.353507340422505457e+23 2.705455736471495503e+23
9.791902098018972177e-04 9.796455263574433989e+21 3.457165784681436257e+23 1.938943352529435828e+23 3.270687326104298015e+23 1.260058424719296881e+23 7.838838905226628348e+23 3.353501866012916245e+23 2.705454645909883988e+23
9.791906062353026349e-04 9.800874175324779184e+21 3.457196571877846119e+23 1.938969934263797814e+23 3.270686506220163411e+23 1.260058459504373242e+23 7.838787409702784420e+23 3.353489477392808154e+23 2.705446206808912654e+23
9.791910026687080520e-04 9.805320525231532540e+21 3.457232955416601061e+23 1.938995679416560365e+23 3.270685131752512632e+23 1.260058518619292613e+23 7.838731151063108330e+23 3.353481968032535869e+23 2.705432447306343509e+23
9.791916852737213642e-04 9.812997606991336571e+21 3.457306242885802514e+23 1.939038312068775233e+23 3.270681647157094562e+23 1.260058671389048801e+23 7.838625298775614706e+23 3.353478473161538735e+23 2.705398693846357272e+23
9.791923678787346763e-04 9.820689717755197260e+21 3.457393407348204026e+23 1.939078789008905176e+23 3.270676635169709254e+23 1.260058896785357773e+23 7.838507668926044077e+23 3.353487233193660520e+23 2.705352018745959918e+23
9.791930504837479884e-04 9.828380577845085209e+21 3.457493769157186232e+23 1.939117295962516074e+23 3.270670073583267899e+23 1.260059200649849177e+23 7.838378753870327940e+23 3.353507561780593400e+23 2.705293333356627907e+23
9.791939595550106998e-04 9.838599578837835579e+21 3.457646147375413781e+23 1.939165917159725801e+23 3.270658975585614650e+23 1.260059734210225048e+23 7.838190926419113227e+23 3.353550865899819788e+23 2.705198600366696369e+23
9.791948686262734111e-04 9.848766580747849957e+21 3.457817383036665033e+23 1.939212010488934506e+23 3.270645279563492947e+23 1.260060423991918487e+23 7.837986682890077612e+23 3.353610272706898386e+23 2.705087764617469194e+23
9.791957776975361225e-04 9.858859749171074695e+21 3.458004744184109214e+23 1.939256068025661983e+23 3.270629120997347148e+23 1.260061279479115536e+23 7.837768274966278780e+23 3.353683173535123002e+23 2.704963767378667907e+23
9.791966867687988338e-04 9.868862739470767620e+21 3.458205801411629642e+23 1.939298476372490411e+23 3.270610639476697355e+23 1.260062310024151942e+23 7.837537756567936896e+23 3.353767268938910553e+23 2.704829134363270536e+23
9.791976573743403026e-04 9.879428561347983442e+21 3.458432966494851317e+23 1.939342300184425592e+23 3.270588515324829505e+23 1.260063614775518938e+23 7.837280533597918792e+23 3.353866956583913233e+23 2.704676275470576292e+23
9.791986279798817715e-04 9.889866463478443672e+21 3.458670996759003110e+23 1.939384882230609482e+23 3.270564071004192910e+23 1.260065139674101464e+23 7.837013637713546906e+23 3.353974967300995773e+23 2.704515999467909729e+23
9.791995985854232403e-04 9.900168153962951737e+21 3.458917915665632288e+23 1.939426456749679900e+23 3.270537465488917114e+23 1.260066893428210962e+23 7.836738820979085248e+23 3.354089475355887125e+23 2.704350189419658918e+23
9.792010914413534772e-04 9.915733604262865797e+21 3.459311153271033089e+23 1.939488855811315707e+23 3.270492675741117086e+23 1.260070054215192244e+23 7.836304161349042847e+23 3.354274722600940061e+23 2.704087953334498094e+23
9.792025842972837141e-04 9.930945407863090053e+21 3.459715426219531038e+23 1.939549916911876492e+23 3.270443714620153492e+23 1.260073798306606445e+23 7.835859758123136257e+23 3.354466249803830688e+23 2.703821732905343359e+23
9.792040771532139511e-04 9.945793692054990094e+21 3.460125675441750981e+23 1.939610098025611794e+23 3.270391152853289754e+23 1.260078144214514564e+23 7.835410234241258808e+23 3.354659551214956907e+23 2.703555881876511754e+23
9.792055700091441880e-04 9.960274673353885745e+21 3.460537816855490310e+23 1.939669728864752160e+23 3.270335529064321400e+23 1.260083103477418384e+23 7.834959358661537280e+23 3.354851070748206322e+23 2.703293722206706430e+23
9.792075075050793616e-04 9.978522184133193499e+21 3.461070354831409687e+23 1.939746681509333539e+23 3.270259585717678910e+23 1.260090461122979944e+23 7.834376985416081552e+23 3.355092605276396380e+23 2.702962906193626504e+23
9.792094450010145352e-04 9.996157939468623413e+21 3.461594943617962607e+23 1.939823516544286232e+23 3.270180343970152044e+23 1.260098857764142155e+23 7.833802679025319648e+23 3.355321858115736877e+23 2.702646518506354419e+23
9.792113824969497088e-04 1.001319340245024716e+22 3.462107289763020894e+23 1.939900527552434966e+23 3.270098733345455085e+23 1.260108278320772028e+23 7.833240429926159567e+23 3.355535481579599833e+23 2.702347296564809292e+23
9.792133199928848824e-04 1.002964375099719392e+22 3.462604289281439480e+23 1.939977924308245257e+23 3.270015593094050952e+23 1.260118696218554322e+23 7.832693111210824329e+23 3.355731238449596942e+23 2.702066896746134414e+23
9.792167116311396337e-04 1.005710063201751033e+22 3.463430550460525539e+23 1.940114837223227167e+23 3.269869051419005414e+23 1.260139184165619216e+23 7.831777133858536146e+23 3.356026932222837863e+23 2.701623435090383497e+23
9.792201032693943850e-04 1.008292404195026692e+22 3.464197820323920515e+23 1.940253875787026840e+23 3.269723414446608524e+23 1.260162358472475589e+23 7.830917603782259397e+23 3.356261879654714211e+23 2.701239699384787890e+23
9.792234949076491363e-04 1.010721599478830622e+22 3.464903810659461848e+23 1.940395347413419310e+23 3.269581344131494151e+23 1.260187948886540094e+23 7.830116258441872760e+23 3.356436726793759705e+23 2.700913204684572936e+23
9.792297608941747875e-04 1.014839836457545866e+22 3.466051006476348786e+23 1.940663512338519231e+23 3.269334640362837665e+23 1.260240608896999479e+23 7.828783472333139183e+23 3.356613111188066853e+23 2.700445006697573741e+23
9.792360268807004386e-04 1.018531448935417276e+22 3.467008773955361261e+23 1.940940733983396515e+23 3.269116651450862729e+23 1.260298614359833434e+23 7.827626161963715076e+23 3.356623543251605243e+23 2.700122759934141467e+23
9.792422928672260898e-04 1.021853343276384177e+22 3.467805455121748580e+23 1.941226580274318703e+23 3.268932683795451295e+23 1.260360071827840062e+23 7.826614701527560419e+23 3.356503564987882537e+23 2.699908793349284886e+23
9.792485588537517410e-04 1.024853888813414692e+22 3.468471639569381332e+23 1.941520270638516420e+23 3.268784363072988234e+23 1.260423296050838299e+23 7.825717775522933464e+23 3.356287074251371216e+23 2.699769991903464747e+23
9.792556726898249062e-04 1.027921905309165447e+22 3.469103160628500224e+23 1.941862148995225852e+23 3.268658540265629161e+23 1.260495448600423086e+23 7.824804462117057483e+23 3.355958800668290345e+23 2.699671908804797682e+23
9.792627865258980713e-04 1.030676175996309838e+22 3.469630872358289890e+23 1.942211864882913623e+23 3.268575389336192764e+23 1.260566482598016980e+23 7.823973758043830574e+23 3.355570631701390762e+23 2.699613491276355375e+23
9.792699003619712364e-04 1.033156834470470143e+22 3.470077124047535792e+23 1.942568312943860913e+23 3.268531523258719561e+23 1.260635237108738802e+23 7.823203525185324303e+23 3.355142684957029465e+23 2.699578952911286048e+23
9.792770141980444015e-04 1.035398028636798425e+22 3.470459290595422089e+23 1.942930456769880864e+23 3.268523379308130657e+23 1.260700882551189883e+23 7.822476862491310183e+23 3.354689596949764799e+23 2.699557570411440563e+23
9.792841280341175667e-04 1.037428917173518703e+22 3.470791303907919685e+23 1.943297329218826126e+23 3.268547374497728205e+23 1.260762850440141970e+23 7.821780502894476599e+23 3.354222280160294386e+23 2.699541913004814002e+23
9.792931523885479647e-04 1.039741030564551773e+22 3.471156865073124653e+23 1.943768165230439553e+23 3.268618632027721800e+23 1.260835634838761374e+23 7.820925432129231761e+23 3.353620632083340387e+23 2.699523346380168721e+23
9.792998315911254862e-04 1.041284655661737365e+22 3.471395676417341186e+23 1.944119694769769530e+23 3.268697184700105700e+23 1.260885154013737627e+23 7.820305649228851278e+23 3.353173847828843578e+23 2.699508401223225720e+23
9.793065107937030077e-04 1.042702026522768494e+22 3.471612545521675435e+23 1.944473181356593366e+23 3.268795091565274863e+23 1.260930956981718357e+23 7.819692787651007899e+23 3.352728275405359473e+23 2.699491710826928438e+23
9.793131899962805292e-04 1.044005894036944585e+22 3.471810998577917183e+23 1.944828114736716699e+23 3.268910317361310739e+23 1.260973106488471181e+23 7.819084105871905689e+23 3.352285340424186658e+23 2.699473034882604052e+23
9.793198691988580507e-04 1.045207479065849207e+22 3.471993896382269856e+23 1.945184033592444851e+23 3.269041048563060593e+23 1.261011716376189699e+23 7.818477527127283298e+23 3.351845974003756072e+23 2.699452355614739530e+23
9.793265484014355721e-04 1.046316671603211816e+22 3.472163506372705601e+23 1.945540524133188633e+23 3.269185676040574211e+23 1.261046936279384337e+23 7.817871553264567944e+23 3.351410682753089106e+23 2.699429854544032810e+23
9.793340997860050870e-04 1.047470313930832111e+22 3.472341439015816979e+23 1.945943797100859170e+23 3.269364179820925787e+23 1.261082890633422611e+23 7.817185929992838075e+23 3.350923670426686901e+23 2.699402604969987691e+23
9.793416511705746019e-04 1.048528298583722977e+22 3.472506711944243981e+23 1.946346859574131037e+23 3.269556882353842186e+23 1.261114998664696210e+23 7.816498729418189712e+23 3.350442136813517710e+23 2.699373854621449291e+23
9.793492025551441167e-04 1.049500629453638101e+22 3.472661019435468178e+23 1.946749295072029075e+23 3.269762248834066793e+23 1.261143535070246643e+23 7.815809230705818086e+23 3.349965964581818776e+23 2.699344005390258259e+23
9.793567539397136316e-04 1.050396127769861816e+22 3.472805742238843420e+23 1.947150740849964477e+23 3.269978958014162991e+23 1.261168774406499195e+23 7.815116966815649644e+23 3.349494936817033040e+23 2.699313405313203978e+23
9.793701249729712312e-04 1.051817113910224146e+22 3.473041967465181039e+23 1.947858186644348773e+23 3.270387020115369609e+23 1.261206189290099017e+23 7.813883529965022961e+23 3.348672700063554480e+23 2.699258267509325027e+23
9.793834960062288309e-04 1.053058527205346247e+22 3.473256664017470593e+23 1.948560119927390738e+23 3.270821838416406118e+23 1.261235479826135578e+23 7.812639825580922231e+23 3.347864082530792343e+23 2.699202942187597726e+23
9.793968670394864306e-04 1.054150722650808464e+22 3.473453574553050295e+23 1.949255450031566975e+23 3.271279265001394290e+23 1.261257874900668614e+23 7.811385828535645315e+23 3.347067443727438468e+23 2.699148264992091889e+23
9.794102380727440302e-04 1.055118929563766856e+22 3.473635670599596004e+23 1.949943360178381725e+23 3.271755945088916107e+23 1.261274431819142314e+23 7.810121781658897424e+23 3.346281337849828983e+23 2.699094759600712780e+23
9.794236091060016299e-04 1.055984164238853459e+22 3.473805331065847708e+23 1.950623258943682846e+23 3.272249139503558390e+23 1.261286051261123217e+23 7.808848081704794771e+23 3.345504499599138871e+23 2.699042749792994575e+23
9.794460687416850064e-04 1.057250505324133509e+22 3.474067083511606794e+23 1.951746337780630437e+23 3.273109025692446160e+23 1.261296424531755060e+23 7.806688360972877090e+23 3.344217552912202974e+23 2.698959193256226885e+23
9.794685283773683828e-04 1.058339671446092828e+22 3.474305705848565211e+23 1.952844734821255212e+23 3.274001068592908049e+23 1.261297857064142457e+23 7.804505425770532580e+23 3.342949259424826770e+23 2.698880797985443404e+23
9.794909880130517593e-04 1.059300515899244544e+22 3.474526110181613162e+23 1.953918288748938705e+23 3.274919104752600629e+23 1.261292507831084169e+23 7.802301772968803434e+23 3.341696198624020236e+23 2.698807569802841398e+23
9.795134476487351357e-04 1.060168008581711816e+22 3.474731764023255064e+23 1.954967512436918819e+23 3.275858662345786083e+23 1.261281901912210025e+23 7.800079630703367679e+23 3.340455833667312623e+23 2.698739289200037766e+23
9.795965627257417676e-04 1.062991960206503995e+22 3.475409528127337089e+23 1.958665981289146205e+23 3.279462167292689819e+23 1.261215362807896170e+23 7.791733248184286561e+23 3.335941938736446361e+23 2.698523133623939786e+23
9.796796778027483995e-04 1.065447402004811455e+22 3.475985186290538602e+23 1.962109370780973856e+23 3.283223607299283511e+23 1.261116946160126096e+23 7.783224759709798603e+23 3.331524671417531876e+23 2.698357425769057008e+23
9.797627928797550314e-04 1.067820989745396816e+22 3.476497233129205798e+23 1.965356736867139605e+23 3.287086849186124383e+23 1.261000915984252697e+23 7.774601109018181653e+23 3.327172032245490107e+23 2.698230499018452438e+23
9.799562730600484568e-04 1.073332850933179089e+22 3.477529428021229409e+23 1.972412302037747803e+23 3.296333993465656881e+23 1.260690153415203923e+23 7.754236138205334376e+23 3.317208569534437854e+23 2.698036791415857564e+23
9.801497532403418821e-04 1.079123496641428351e+22 3.478456707275512957e+23 1.979135111823719787e+23 3.305741640367415723e+23 1.260359001168111773e+23 7.733689655048716419e+23 3.307368181681532709e+23 2.697913422044728687e+23
9.802848985262123047e-04 1.083189610355507384e+22 3.479070550785646689e+23 1.983783210812731577e+23 3.312353683939293166e+23 1.260121425479988612e+23 7.719312209964504124e+23 3.300535774744038112e+23 2.697839092295960363e+23
9.804200438120827272e-04 1.087159642465955847e+22 3.479654318511067413e+23 1.988408565283729567e+23 3.318998543029757301e+23 1.259875815076443277e+23 7.704924595567465217e+23 3.293737030421589053e+23 2.697769453547683924e+23
9.805551890979531497e-04 1.091120254339478716e+22 3.480217913538625227e+23 1.993018909196448558e+23 3.325661193112044238e+23 1.259624811842921667e+23 7.690539944673827524e+23 3.286964165031022108e+23 2.697701616004010323e+23
9.806903343838235722e-04 1.095131314574851677e+22 3.480769413738984982e+23 1.997627809804318671e+23 3.332329071751584295e+23 1.259370439553404224e+23 7.676170391237588848e+23 3.280210655367102097e+23 2.697632412840233680e+23
9.808571132082790321e-04 1.100126259745059032e+22 3.481435892740721465e+23 2.003332649417531709e+23 3.340559165101646461e+23 1.259051786989285566e+23 7.658468155601029851e+23 3.271899935297857399e+23 2.697541503859776217e+23
9.810238920327344920e-04 1.105129279304978609e+22 3.482086965160030346e+23 2.009068522372547394e+23 3.348789135645345002e+23 1.258727522458713111e+23 7.640805414386035998e+23 3.263614100827580190e+23 2.697442158692367975e+23
9.811411392908330354e-04 1.108646900063033885e+22 3.482535813176415905e+23 2.013120141263716892e+23 3.354574141794412187e+23 1.258496282608189571e+23 7.628412984743586221e+23 3.257803575484774802e+23 2.697366880128895140e+23
9.812583865489315788e-04 1.112186207964268541e+22 3.482978888867604049e+23 2.017186686500383333e+23 3.360356454717711398e+23 1.258262717847117664e+23 7.616042050504625687e+23 3.252004112589247553e+23 2.697287037316569802e+23
9.813756338070301222e-04 1.115749179180610224e+22 3.483416377191012804e+23 2.021269183404895508e+23 3.366135621970940993e+23 1.258026712337257501e+23 7.603693270985735982e+23 3.246215562845582399e+23 2.697202505370036664e+23
9.814928810651286657e-04 1.119322263649832560e+22 3.483847520161144725e+23 2.025369382368377349e+23 3.371912420829965540e+23 1.257787984160807484e+23 7.591366734003090825e+23 3.240438230735783859e+23 2.697113158283354943e+23
9.816101283232272091e-04 1.122902708214279071e+22 3.484272398168805228e+23 2.029487673390413749e+23 3.377686807988550605e+23 1.257546636905583854e+23 7.579062490575337024e+23 3.234672051420352018e+23 2.697018871320320137e+23
9.817368628895243535e-04 1.126790499134849470e+22 3.484725368024406604e+23 2.033958918410496052e+23 3.383924861490744693e+23 1.257283068788311620e+23 7.565787946390068459e+23 3.228451469596725336e+23 2.696911368947273774e+23
9.818635974558214980e-04 1.130700179371659887e+22 3.485171921880275055e+23 2.038450531710709793e+23 3.390158921957472888e+23 1.257016673223319749e+23 7.552539915179693630e+23 3.222243417472708714e+23 2.696798171621215961e+23
9.819903320221186425e-04 1.134627945312873664e+22 3.485611778848976672e+23 2.042963040447870324e+23 3.396389280545836546e+23 1.256747303078806128e+23 7.539318379788077074e+23 3.216048054794103774e+23 2.696679275891284760e+23
9.821170665884157869e-04 1.138571228035096458e+22 3.486044887686860704e+23 2.047496838554228202e+23 3.402616038789440350e+23 1.256474962141154199e+23 7.526123292886264300e+23 3.209865429588399159e+23 2.696554628590157525e+23
9.822438011547129314e-04 1.142531418088450661e+22 3.486471419907067420e+23 2.052051947409036752e+23 3.408838994635522048e+23 1.256199737295729349e+23 7.512954702083621504e+23 3.203695425214962142e+23 2.696424243247798288e+23
9.823488790247512838e-04 1.145829104834623780e+22 3.486820169289797783e+23 2.055844790438340728e+23 3.413995548261219010e+23 1.255969378134445512e+23 7.502056522327262023e+23 3.198589279617918687e+23 2.696311816990704534e+23
9.824539568947896363e-04 1.149139370251707954e+22 3.487164447444422277e+23 2.059652344160738911e+23 3.419149407191157860e+23 1.255737023255543556e+23 7.491176583412257391e+23 3.193491793059907256e+23 2.696195481735908033e+23
9.825590347648279887e-04 1.152461726835040846e+22 3.487504242716529027e+23 2.063474719859900972e+23 3.424300589264967104e+23 1.255502669166503547e+23 7.480314870026364686e+23 3.188402975387055146e+23 2.696075240428353440e+23
9.826641126348663411e-04 1.155796293874324236e+22 3.487839591995645152e+23 2.067311978805745617e+23 3.429449052308442207e+23 1.255266337422508556e+23 7.469471383659999301e+23 3.183322799674258012e+23 2.695951102151300995e+23
9.827691905049046935e-04 1.159143405175044257e+22 3.488170531416717656e+23 2.071164160069968163e+23 3.434594751634713378e+23 1.255028039441232702e+23 7.458646129707326091e+23 3.178251245728442572e+23 2.695823078611335355e+23
9.828809605247677914e-04 1.162717557724773194e+22 3.488517719649548532e+23 2.075278118646029704e+23 3.440065117776794008e+23 1.254772402496735197e+23 7.447151450345060067e+23 3.172866159342819759e+23 2.695682649220908791e+23
9.829927305446308893e-04 1.166305921185890697e+22 3.488859936056512537e+23 2.079409110084282871e+23 3.445532333042163138e+23 1.254514533709479443e+23 7.435677388092466465e+23 3.167490827840623749e+23 2.695537848124317347e+23
9.831045005644939872e-04 1.169908500563425545e+22 3.489197201700962781e+23 2.083557214414775958e+23 3.450996373654837448e+23 1.254254442131578946e+23 7.424223936578668630e+23 3.162125238655835859e+23 2.695388687124130819e+23
9.832162705843570851e-04 1.173525455127652493e+22 3.489529546931077110e+23 2.087722499036497670e+23 3.456457205243882127e+23 1.253992138082107366e+23 7.412791092652328259e+23 3.156769376442132600e+23 2.695235177415101267e+23
9.833280406042201830e-04 1.177156906867850268e+22 3.489856992551121443e+23 2.091905033316232352e+23 3.461914802593999849e+23 1.253727624598864202e+23 7.401378852519877909e+23 3.151423232575814899e+23 2.695077331607188249e+23
9.834413105021500793e-04 1.180851904400780480e+22 3.490183846055900044e+23 2.096161372038055686e+23 3.467442320984034928e+23 1.253457307521795364e+23 7.389834482165420906e+23 3.146015256292763768e+23 2.694912958169372793e+23
9.835545804000799756e-04 1.184561847088244274e+22 3.490505698949606083e+23 2.100435586596753061e+23 3.472966479740446913e+23 1.253184726330427404e+23 7.378311258713522753e+23 3.140617246274515632e+23 2.694744158320477560e+23
9.836678502980098718e-04 1.188286830777963905e+22 3.490822577713059736e+23 2.104727753134896201e+23 3.478487250646294552e+23 1.252909889196629342e+23 7.366809174967655701e+23 3.135229190779702304e+23 2.694570942729565378e+23
9.837811201959397681e-04 1.192026954652377625e+22 3.491134504009674061e+23 2.109037947502069935e+23 3.484004607752816202e+23 1.252632801161476267e+23 7.355328225682617784e+23 3.129851078458380795e+23 2.694393325209550041e+23
9.838943900938696644e-04 1.195782286845095916e+22 3.491441495217864515e+23 2.113366248152986603e+23 3.489518529359069514e+23 1.252353464998259600e+23 7.343868405085636070e+23 3.124482899999938451e+23 2.694211320177500944e+23
9.840087610604713458e-04 1.199589614751250068e+22 3.491746483956749267e+23 2.117755075274127777e+23 3.495082542407421862e+23 1.252069136760131300e+23 7.332318615862733208e+23 3.119072609584196490e+23 2.694023105825809147e+23
9.841231320270730273e-04 1.203412582894427072e+22 3.492046484904754293e+23 2.122162524731894609e+23 3.500643005441894630e+23 1.251782526707857600e+23 7.320790351559338796e+23 3.113672428022015701e+23 2.693830442164350983e+23
9.842375029936747087e-04 1.207251274941271848e+22 3.492341519632889786e+23 2.126588677347709288e+23 3.506199892989696467e+23 1.251493640290309998e+23 7.309283605443000329e+23 3.108282343068250375e+23 2.693633343728229600e+23
9.843518739602763901e-04 1.211105773427271244e+22 3.492631608132717888e+23 2.131033614284680132e+23 3.511753181554030349e+23 1.251202481520252111e+23 7.297798370724171764e+23 3.102902344111942219e+23 2.693431824318119815e+23
9.844662449268780716e-04 1.214976152644043670e+22 3.492916772430342856e+23 2.135497417597605024e+23 3.517302847928610838e+23 1.250909054814973581e+23 7.286334638251809220e+23 3.097532422261849918e+23 2.693225895445898304e+23
9.846007382806310458e-04 1.219547903344079222e+22 3.493245837969005342e+23 2.140770829887819282e+23 3.523824253650714021e+23 1.250561108137969598e+23 7.272881479091615150e+23 3.091230595758239515e+23 2.692978112086519275e+23
9.847352316343840201e-04 1.224141845932470488e+22 3.493568158590986334e+23 2.146070579195816895e+23 3.530340577627779692e+23 1.250210040573572845e+23 7.259458029793258074e+23 3.084942669635797092e+23 2.692724272189151631e+23
9.848697249881369943e-04 1.228758113018573960e+22 3.493883769033940386e+23 2.151396799807692682e+23 3.536851781350681446e+23 1.249855859655802555e+23 7.246064276709027097e+23 3.078668626183293533e+23 2.692464396939368826e+23
9.850042183418899686e-04 1.233396831112803228e+22 3.494192705437532925e+23 2.156749627016065371e+23 3.543357827002357063e+23 1.249498572714823375e+23 7.232700203861910969e+23 3.072408449609839327e+23 2.692198505672055991e+23
9.851387116956429428e-04 1.238058125813557599e+22 3.494495002487241363e+23 2.162129196750509420e+23 3.549858676278855425e+23 1.249138187430559775e+23 7.219365796699697473e+23 3.066162121458854721e+23 2.691926620184401999e+23
9.853279536281300561e-04 1.244655394927534513e+22 3.494909177820600494e+23 2.169744191835897132e+23 3.558996970139285707e+23 1.248625867185026698e+23 7.200653527900575676e+23 3.057396496408328515e+23 2.691533950601281468e+23
9.855171955606171694e-04 1.251297989598818127e+22 3.495310374568969896e+23 2.177412783840056165e+23 3.568124794096376212e+23 1.248107449217284561e+23 7.181999921587255383e+23 3.048658200051619683e+23 2.691129515506559909e+23
9.857064374931042827e-04 1.257986275298128167e+22 3.495698690874875576e+23 2.185135356162497179e+23 3.577242043434760824e+23 1.247582954185935972e+23 7.163404932831705060e+23 3.039947181544177245e+23 2.690713372973340064e+23
9.858956794255913959e-04 1.264720620162125713e+22 3.496074223881181851e+23 2.192912294272432624e+23 3.586348613658683827e+23 1.247052402812834818e+23 7.144868516722509328e+23 3.031263387784594556e+23 2.690285582621210197e+23
9.860849213580785092e-04 1.271501395393790555e+22 3.496437071853239382e+23 2.200743985655649340e+23 3.595444400783649659e+23 1.246515815831442807e+23 7.126390626235904678e+23 3.022606765895160965e+23 2.689846202913458414e+23
9.863947982900324145e-04 1.282705914807601804e+22 3.497004088310015145e+23 2.213687356772883282e+23 3.610314874102259772e+23 1.245624194074856611e+23 7.096259988763358307e+23 3.008490389888471379e+23 2.689101860834996472e+23
9.867046752219863198e-04 1.294037583880722055e+22 3.497537787973868422e+23 2.226780305032218421e+23 3.625155708339060453e+23 1.244716532961649927e+23 7.066285925734932661e+23 2.994446489263539686e+23 2.688326856062343378e+23
9.870145521539402250e-04 1.305498072726413037e+22 3.498038603351478134e+23 2.240024566224151453e+23 3.639966457626029499e+23 1.243792920465583521e+23 7.036468209300493388e+23 2.980474823377609703e+23 2.687521443167888873e+23
9.873244290858941303e-04 1.317089069386307731e+22 3.498506967766939363e+23 2.253421890901824556e+23 3.654746680429875351e+23 1.242853443523528496e+23 7.006806602446464562e+23 2.966575147831650198e+23 2.686685875583461580e+23
9.890614939126124786e-04 1.384562097173671235e+22 3.500552056616517884e+23 2.331441107169484357e+23 3.737014371477713899e+23 1.237297268559135218e+23 6.843411497401962201e+23 2.889979077073783667e+23 2.681455420890598815e+23
9.907985587393308268e-04 1.456501331415101604e+22 3.501667814401242374e+23 2.414645762868450867e+23 3.818235045737145272e+23 1.231259652316550681e+23 6.684865099786735279e+23 2.815591407639523167e+23 2.675328954977593181e+23
9.925356235660491751e-04 1.533231526502422964e+22 3.501931221748974480e+23 2.503364871992730421e+23 3.898337909296920086e+23 1.224754027192241084e+23 6.531112557480118363e+23 2.743364062143207587e+23 2.668348956887716578e+23
9.942726883927675233e-04 1.615091541540074422e+22 3.501419280695410169e+23 2.597937069912617407e+23 3.977256340167773515e+23 1.217792727015788842e+23 6.382092059056460928e+23 2.673246409177926405e+23 2.660556477805556054e+23
1.001242226666582049e-03 2.004369611091745964e+22 3.493148715786127572e+23 3.046338322900287834e+23 4.281003969550771521e+23 1.185409461786483727e+23 5.829884049818808127e+23 2.411757559143980104e+23 2.621811677154443956e+23
1.008211764940396575e-03 2.502820031823020137e+22 3.478311177285812198e+23 3.612745995596332804e+23 4.561650251293702561e+23 1.146498723337852137e+23 5.347173394692297458e+23 2.179746132248491312e+23 2.572905557460660813e+23
1.015181303214211100e-03 3.118583041766820571e+22 3.460849152086718158e+23 4.298248789905214506e+23 4.817422923635583636e+23 1.101964376828354232e+23 4.927391336126536588e+23 1.973836688117289263e+23 2.516066673189998916e+23
1.023635918192492911e-03 3.993395081620844708e+22 3.439479533225163044e+23 5.241278423412518116e+23 5.095165216194751847e+23 1.042690682001734972e+23 4.490802647851720549e+23 1.754931721150332781e+23 2.439910416086227065e+23
1.028915234078923383e-03 4.572137215041445718e+22 3.426291095689357458e+23 5.840913720093404467e+23 5.253017329865147579e+23 1.004482001606939268e+23 4.251123230267782180e+23 1.633480059028566568e+23 2.390262742944388659e+23
1.034194549965353855e-03 5.120239844491303007e+22 3.411651252586266315e+23 6.379661898516935245e+23 5.402867262529321315e+23 9.672458394625528509e+22 4.030329124017513494e+23 1.522784553529278244e+23 2.340637416116832625e+23
1.039473865851784327e-03 5.594721946724786294e+22 3.393929808980202351e+23 6.807230807749393646e+23 5.547762082460178967e+23 9.323726702537916757e+22 3.824340368169788443e+23 1.422232683947649285e+23 2.292280280384290538e+23
1.044753181738214800e-03 5.974784754867954831e+22 3.372378176898003747e+23 7.103294854286961992e+23 5.689093575832396827e+23 9.006159390224163432e+22 3.631080138007915329e+23 1.331279590329519733e+23 2.245981178891586534e+23
1.049373644310100861e-03 6.232583028079312083e+22 3.350625060192614194e+23 7.263513419778746598e+23 5.809634303030429420e+23 8.754254541750815582e+22 3.472128111344354538e+23 1.259082749518029835e+23 2.207358008550377621e+23
1.053994106881986923e-03 6.435370653052485763e+22 3.326860459195253800e+23 7.355894299836108767e+23 5.926303591192276805e+23 8.523128814324850622e+22 3.323237995248926138e+23 1.193251884127471775e+23 2.170438678813835988e+23
1.058614569453872984e-03 6.598669201624452511e+22 3.301934192710232152e+23 7.403214212282395730e+23 6.038181003506812956e+23 8.309059665860971043e+22 3.184672600587871673e+23 1.133238613459722756e+23 2.135101740829749218e+23
1.063235032025759046e-03 6.734341210000446613e+22 3.276521884078270956e+23 7.421990900881837271e+23 6.144712730090133174e+23 8.109132203848243977e+22 3.056288164542512659e+23 1.078491034711204089e+23 2.101247411113122605e+23
1.068179111845906065e-03 6.857973584834893500e+22 3.249321548502343101e+23 7.422698267185352729e+23 6.252552047053343031e+23 7.908550870060089580e+22 2.929672668589356535e+23 1.025151552674715528e+23 2.066585022272979400e+23
1.073123191666053083e-03 6.965515557894377964e+22 3.222489384488865366e+23 7.411365846617629393e+23 6.354056815617319926e+23 7.720109783536456486e+22 2.813433015562090022e+23 9.766635646052684792e+22 2.033479434543058597e+23
1.078067271486200102e-03 7.061447149048634225e+22 3.196303238995351332e+23 7.393454770722412912e+23 6.449380718796422869e+23 7.542519351428470171e+22 2.706760838137238132e+23 9.325081087695367281e+22 2.001875968200177856e+23
1.083011351306347120e-03 7.149021438049865695e+22 3.170961481796033121e+23 7.372645497015943257e+23 6.538749656210872719e+23 7.374741493950138076e+22 2.608859783774569675e+23 8.922249950833531263e+22 1.971722550212069373e+23
1.087955431126494139e-03 7.230247794848131187e+22 3.146575694868346590e+23 7.351024150601674418e+23 6.622467614717474316e+23 7.216005066214236960e+22 2.518946611037489510e+23 8.554063307690823647e+22 1.942971350725403712e+23
1.096536458662716049e-03 7.358864264367930606e+22 3.106644354715620014e+23 7.313797734286125150e+23 6.755363601880264139e+23 6.960512387573395279e+22 2.379706427473103705e+23 7.987095346413998336e+22 1.896282273398843937e+23
1.105117486198937959e-03 7.475195822516984401e+22 3.069796810639431592e+23 7.279395168576936230e+23 6.874055904646532841e+23 6.728110361524237972e+22 2.258872640869435127e+23 7.497960582658212967e+22 1.853426553481205698e+23
1.113698513735159870e-03 7.581063888938010149e+22 3.035926562764365224e+23 7.248230739066806893e+23 6.980239681849517471e+23 6.516669842256469112e+22 2.153536234379603933e+23 7.073763999338878049e+22 1.814135632793615173e+23
1.122279541271381780e-03 7.677447408518211358e+22 3.004861665199858846e+23 7.219945273176288112e+23 7.075405464341853210e+23 6.324369851841864165e+22 2.061313833416444839e+23 6.704179532894896443e+22 1.778155677296470692e+23
1.160253863956829451e-03 8.025466200844366198e+22 2.892039452121611895e+23 7.119838189585146692e+23 7.406037320189380101e+23 5.635851326167046947e+22 1.756509373672778231e+23 5.495865080751473662e+22 1.647348749232616904e+23
1.198228186642277121e-03 8.255812978535395911e+22 2.817547095785801798e+23 7.055510705078450342e+23 7.613544614895374974e+23 5.187489579480669540e+22 1.577324212018806679e+23 4.796591174272230726e+22 1.560511884761995967e+23
1.236202509327724791e-03 8.405485343997379897e+22 2.769537422203733777e+23 7.014778521716657142e+23 7.743613064383499820e+23 4.900400963937802964e+22 1.469616112128508213e+23 4.380845634814467061e+22 1.504113554868700845e+23
1.287642903949566108e-03 8.524926550783321073e+22 2.731588330861347262e+23 6.982898656815174438e+23 7.844622226429494134e+23 4.674346120040897996e+22 1.388425778989875981e+23 4.070041090080361782e+22 1.459179100835366201e+23
1.339083298571407425e-03 8.594902480037313774e+22 2.709485583883902397e+23 6.964482440660643951e+23 7.902768963373087410e+23 4.543152726091740742e+22 1.342639113871705506e+23 3.895777583717391794e+22 1.432854129937223694e+23
1.390523693193248742e-03 8.639278935300855195e+22 2.695565934422448784e+23 6.952975761136350701e+23 7.939096791401747437e+23 4.460775455390427827e+22 1.314382473013275153e+23 3.788569279732488602e+22 1.416238291241902329e+23
1.441964087815090058e-03 8.667324351508861524e+22 2.686839496585668786e+23 6.945845953711585372e+23 7.961753566639976004e+23 4.409312801440285275e+22 1.296936176200288483e+23 3.722491401514756394e+22 1.405761515512366954e+23
1.551757952818798216e-03 8.698773122947045392e+22 2.677200246980957511e+23 6.937964066081420545e+23 7.987050693568848944e+23 4.351509808553553140e+22 1.277739394820086704e+23 3.649308780821941217e+22 1.393873927756842470e+23
1.661551817822506374e-03 8.709105563393808610e+22 2.674247749451944485e+23 6.935622707399589437e+23 7.995192312458962692e+23 4.332741045628865138e+22 1.271825744131018908e+23 3.625950717993449161e+22 1.389835187070792263e+23
1.771345682826214532e-03 8.714036852191896640e+22 2.673048578000920070e+23 6.934859342295306391e+23 7.998722810504920401e+23 4.324657441239353157e+22 1.269475851887400515e+23 3.615957889528152824e+22 1.387888804649913727e+23
2.093664963530117093e-03 8.732354106169452030e+22 2.668658720238893919e+23 6.932518616427808162e+23 8.010849602650516960e+23 4.297411043373159232e+22 1.261396763693654223e+23 3.581806151311133822e+22 1.381095900761310584e+23
2.254824603882068373e-03 8.743936680605361426e+22 2.665881409272536682e+23 6.931204054287501429e+23 8.018147392995258584e+23 4.281375686298724991e+22 1.256516911603716425e+23 3.561438285175230090e+22 1.376996007045529631e+23
2.415984244234019654e-03 8.757382581441165001e+22 2.662649968618903532e+23 6.929679829154705902e+23 8.026571650156705098e+23 4.262851765710663503e+22 1.250872761066456131e+23 3.537974892323635252e+22 1.372276108022466352e+23
2.742210393397586342e-03 8.789901782084754394e+22 2.654808516686965616e+23 6.925943266609179677e+23 8.047048360051674878e+23 4.217496967205729652e+22 1.237136077491160314e+23 3.481055783990303339e+22 1.360800065725551461e+23
3.068436542561153030e-03 8.828985228376551090e+22 2.645410505327928725e+23 6.921463294110018851e+23 8.071547199116308665e+23 4.163007942289231184e+22 1.220772684418441711e+23 3.413427600994140894e+22 1.347028872118552221e+23
4.463693971363293100e-03 9.075434958144414312e+22 2.585843627767602359e+23 6.895307485857906290e+23 8.217925795211907674e+23 3.831342429848862091e+22 1.122377128971152759e+23 3.015479312706549527e+22 1.262647968856205102e+23
5.161322685764363136e-03 9.239024641756061971e+22 2.546903299375544612e+23 6.877092657105876959e+23 8.315692987911343566e+23 3.606352533151586818e+22 1.058937943671757959e+23 2.762414816216823628e+22 1.205872753454667258e+23
5.858951400165433171e-03 9.425771665920370514e+22 2.502976456282430966e+23 6.855854662376935737e+23 8.427268468245640648e+23 3.346396217792413460e+22 9.884421569341511067e+22 2.485324647615714191e+22 1.140420039688257893e+23
6.556580114566503206e-03 9.631660591272763484e+22 2.455163797995374793e+23 6.832486926494869959e+23 8.550162129007647843e+23 3.056264552878007596e+22 9.128592845672974542e+22 2.194017909961114046e+22 1.067286170203573725e+23
8.295104621832784242e-03 1.019758973229513834e+23 2.325010292399788450e+23 6.768456441061345654e+23 8.884003074631779756e+23 2.251410540961000011e+22 7.153094530440094758e+22 1.472010974198379210e+22 8.606640851454154664e+22
1.003362912909906528e-02 1.074545026272608901e+23 2.197034885492664414e+23 6.707650004046065120e+23 9.217738831500052351e+23 1.442653275200246986e+22 5.265427643742706834e+22 8.582294323365054251e+21 6.398110757906249731e+22
1.003702468477732021e-02 1.074645010050403187e+23 2.196796351053850172e+23 6.707539435707113102e+23 9.218353615164301440e+23 1.441200896388867555e+22 5.262133150217546603e+22 8.570983617136497263e+21 6.393877028453365055e+22
1.004042024045557514e-02 1.074743668257019795e+23 2.196568110698578450e+23 6.707431866698606450e+23 9.218966237846315582e+23 1.439740917307821523e+22 5.258702596007355692e+22 8.560631620799237718e+21 6.389619344711899677e+22
1.004381579613383008e-02 1.074840264728692539e+23 2.196336191152490870e+23 6.707327384082643419e+23 9.219582313959601996e+23 1.438267545203283853e+22 5.255263646829786222e+22 8.550424504370146050e+21 6.385375479748837455e+22
1.004721135181208501e-02 1.074936195892988829e+23 2.196102451251898556e+23 6.707223434980099684e+23 9.220199559825850158e+23 1.436792899387264074e+22 5.251833109588747695e+22 8.540179061483055874e+21 6.381136144705542685e+22
1.007414625204691196e-02 1.075697385973084942e+23 2.194260153206608337e+23 6.706395803126271280e+23 9.225085137440987813e+23 1.425141429278159877e+22 5.224621202706666619e+22 8.459149028579316072e+21 6.347483666187469770e+22
1.010108115228173890e-02 1.076454380318634321e+23 2.192421559019652849e+23 6.705571592401063447e+23 9.229963335891309413e+23 1.413519584328626366e+22 5.197460636403701173e+22 8.378524980518805570e+21 6.313852395761100338e+22
1.012801605251656585e-02 1.077208233422707040e+23 2.190588594790894152e+23 6.704751432013970533e+23 9.234831826558540946e+23 1.401929102942579091e+22 5.170356972587181723e+22 8.298319160423022068e+21 6.280245534173343777e+22
1.039736505486483532e-02 1.084509886552338460e+23 2.172649275346447845e+23 6.696880684551406103e+23 9.282711830212038382e+23 1.288530251873234452e+22 4.904243992551039068e+22 7.523921250924052349e+21 5.947391994344104369e+22
1.066671405721310480e-02 1.091400824409171417e+23 2.155294528167551990e+23 6.689490620847174367e+23 9.329469562451660731e+23 1.178989087121515060e+22 4.644628433796175443e+22 6.793419532890744553e+21 5.618540368268087840e+22
1.132692862848264787e-02 1.106205124089081674e+23 2.115695967590795465e+23 6.673886611981411528e+23 9.438304152750240133e+23 9.301737733543046414e+21 4.040035471830243135e+22 5.197491976559450391e+21 4.837562352875274345e+22
1.198714319975219093e-02 1.117617338203591378e+23 2.080791863399387077e+23 6.662525174327668176e+23 9.537483213242985066e+23 7.141339788507685585e+21 3.485962126520560176e+22 3.880627616019884016e+21 4.105534559451477338e+22
1.264735777102173400e-02 1.125271131623690831e+23 2.050817787331447766e+23 6.655851367015647449e+23 9.626002601327062816e+23 5.335367353283121250e+21 2.985386927416262892e+22 2.829301152646227296e+21 3.434652259687675724e+22
1.391760782260452294e-02 1.129181475706026192e+23 2.005914299737114065e+23 6.656384302719205827e+23 9.766099989860805226e+23 2.825739377073768104e+21 2.170984329104922667e+22 1.441257484213958214e+21 2.341980282247431848e+22
1.518785787418731187e-02 1.119937788426123110e+23 1.974298607098192032e+23 6.673282490175741997e+23 9.869829134576067910e+23 1.376654806858531865e+21 1.544952303239002535e+22 6.815311959662998323e+20 1.524724298323967187e+22
1.645810792577009907e-02 1.100435641909872322e+23 1.949540993227252071e+23 6.703351723855514299e+23 9.946005069756738296e+23 6.346626247558521160e+20 1.084875467305978849e+22 3.059703904871135969e+20 9.585567861738406150e+21
1.772835797735288627e-02 1.073019890007488290e+23 1.926007117018118551e+23 6.743053312294114495e+23 1.000415083968096492e+24 2.866247657200108175e+20 7.609472772221269180e+21 1.344951536229164155e+20 5.907026787669014217e+21
1.829746023279411188e-02 1.058726055551982696e+23 1.914659521515119475e+23 6.763386022147728710e+23 1.002683935919074162e+24 2.003324089358845870e+20 6.505239738252864258e+21 9.304864168863586714e+19 4.739179769161509241e+21
1.886656248823533749e-02 1.043452502346583801e+23 1.902399200570265211e+23 6.785286523123172114e+23 1.004836543797294390e+24 1.418874726900298220e+20 5.583213440207910076e+21 6.474323761482252288e+19 3.805299459625078751e+21
1.943566474367656310e-02 1.027395046726017567e+23 1.889076876020759396e+23 6.808798932153382218e+23 1.006919681160353598e+24 1.016892895075928146e+20 4.825188648274385437e+21 4.552172818058276045e+19 3.066962477739547296e+21
2.000476699911778872e-02 1.010698771183849502e+23 1.874529055241973835e+23 6.834033879584176677e+23 1.008980821091563579e+24 7.375559277229261619e+19 4.201830061634328461e+21 3.253025063699456819e+19 2.483501647288742183e+21
2.078951558083735537e-02 9.869135171133516231e+22 1.852324371505759985e+23 6.872047828284874907e+23 1.011850346310983144e+24 4.894059382800641229e+19 3.519277054231022928e+21 2.096408647204248781e+19 1.872248045055729467e+21
2.157426416255692203e-02 9.626567756085393464e+22 1.827664090324437115e+23 6.914487029099607422e+23 1.014802311778345614e+24 3.359087142387514573e+19 2.994746427638300541e+21 1.389328082766965350e+19 1.425218656422526190e+21
2.235901274427648869e-02 9.384459470514859645e+22 1.800839420099250262e+23 6.962281329612590730e+23 1.017852428856874324e+24 2.376883815208312422e+19 2.588936091720867643e+21 9.474489054535405568e+18 1.094920111329903116e+21
2.314376132599605534e-02 9.148586812380762708e+22 1.772390801426031648e+23 7.016424619645015058e+23 1.020978994384992341e+24 1.734632837877660877e+19 2.272177445459447251e+21 6.636590078648364032e+18 8.477365299857449288e+20
2.408594885771630709e-02 8.881846393131796477e+22 1.737071864610104562e+23 7.091205876263238878e+23 1.024767005828117535e+24 1.237683505805567590e+19 1.979248614748323316e+21 4.452214257605029888e+18 6.282784057521247355e+20
2.502813638943655883e-02 8.642167254240795925e+22 1.701873834026654771e+23 7.178029446655042199e+23 1.028479936677555311e+24 9.116164061193112576e+18 1.753288494821712593e+21 3.060592613387486720e+18 4.670649861672851210e+20
2.597032392115681057e-02 8.438064410807580072e+22 1.668279031408893561e+23 7.278014206820330567e+23 1.031988175958205190e+24 6.867309439549491200e+18 1.575090128148703478e+21 2.123493117281082368e+18 3.464399393590936863e+20
2.691251145287706231e-02 8.276709238804381591e+22 1.637620953800640519e+23 7.391795729867291702e+23 1.035170565210113367e+24 5.287358177595539456e+18 1.431983332204535874e+21 1.474535323000022784e+18 2.554425367840855491e+20
2.780400180854820935e-02 8.169407201297065784e+22 1.612430969541114997e+23 7.512129215590527350e+23 1.037777864033296691e+24 4.228289767916539904e+18 1.320468226271403835e+21 1.069822557095637888e+18 1.900601120836582769e+20
2.869549216421935639e-02 8.108742527733838381e+22 1.591489844180986217e+23 7.644560469412860511e+23 1.039943752552570967e+24 3.462505184128269824e+18 1.227302163591857177e+21 7.637303532143321600e+17 1.396845348491647058e+20
2.958698251989050343e-02 8.095055661204119119e+22 1.574928048058111655e+23 7.788516623088723553e+23 1.041658835718774268e+24 2.899359475920183808e+18 1.148003115730663506e+21 5.393134688285694080e+17 1.012243927396106568e+20
2.990189707297242344e-02 8.101335730882369238e+22 1.570116967061593113e+23 7.841960157958055951e+23 1.042158266585455494e+24 2.736015105836413952e+18 1.122592748015965307e+21 4.759517806849120000e+17 8.998578543286856909e+19
3.021681162605434345e-02 8.113228613786655523e+22 1.565815934658597471e+23 7.896685160003770820e+23 1.042605536651452348e+24 2.590289309779653120e+18 1.098418710866859393e+21 4.192586684280165760e+17 7.982349675010098790e+19
3.053172617913626347e-02 8.130689846096473935e+22 1.562008269564709616e+23 7.952646574784395692e+23 1.043002416415672317e+24 2.460621960879112704e+18 1.075367658457058116e+21 3.687190110843654400e+17 7.064758050989423002e+19
3.084664073221818348e-02 8.153653019327609595e+22 1.558673891829854346e+23 8.009782675987579839e+23 1.043351010382673672e+24 2.345252930497357824e+18 1.053326109015034692e+21 3.236694805427896320e+17 6.237722726696691302e+19
3.137124083895796028e-02 8.203718493428719917e+22 1.554080279977237687e+23 8.107412546148606788e+23 1.043833760819113487e+24 2.180140169156020480e+18 1.018512320390813712e+21 2.592895940856107840e+17 5.040840203342955315e+19
3.189584094569773709e-02 8.268096457370821984e+22 1.550582098345046699e+23 8.207825945743082536e+23 1.044204870862972566e+24 2.045273082192522496e+18 9.858990467610349404e+20 2.064357020090289280e+17 4.043340301184838042e+19
3.226843802696047897e-02 8.322202098027523054e+22 1.548691676748788112e+23 8.280639307961592919e+23 1.044407898596403776e+24 1.965611290586974208e+18 9.639446111535096136e+20 1.749161117569252160e+17 3.441335147516384870e+19
3.264103510822322085e-02 8.382922212260046491e+22 1.547221880559960714e+23 8.354524526042560143e+23 1.044568043231542631e+24 1.897323287128585984e+18 9.428617989177396429e+20 1.476533703362669120e+17 2.916340081585387930e+19
3.301363218948596273e-02 8.449977422230875590e+22 1.546116108135720508e+23 8.429339947147231515e+23 1.044691048566641132e+24 1.839026863929256448e+18 9.225578320306814321e+20 1.241852899930238240e+17 2.460882393483183309e+19
3.348779487979588326e-02 8.544060166607458429e+22 1.545154797352971288e+23 8.525617699998159256e+23 1.044802038916538215e+24 1.777493373118274560e+18 8.977546662836290191e+20 9.906581519609568000e+16 1.969178979347041485e+19
3.396195757010580379e-02 8.647387458643785102e+22 1.544592348116999303e+23 8.622751846638350133e+23 1.044872202743291910e+24 1.727966442044356352e+18 8.739730619821664502e+20 7.852106287260891200e+16 1.563578792053617664e+19
3.443612026041572433e-02 8.759365858185884520e+22 1.544330620197406014e+23 8.720335376350788075e+23 1.044911478663292805e+24 1.688363319864160768e+18 8.510845465942370550e+20 6.182198474536935200e+16 1.231879567077204992e+19
3.491028295072564486e-02 8.879417720726805178e+22 1.544285480801019730e+23 8.817931596611055140e+23 1.044928386397066064e+24 1.656912927174084096e+18 8.289932088956067512e+20 4.832849760736320800e+16 9.622949466277404672e+18
3.545519275182611868e-02 9.026621426425029408e+22 1.544410960423112671e+23 8.929509441462012477e+23 1.044929323042494862e+24 1.628907181625536000e+18 8.044820691669271183e+20 3.609447780848393600e+16 7.165085946418485248e+18
3.600010255292659250e-02 9.182907853448067573e+22 1.544647999375987924e+23 9.039776204802285518e+23 1.044918402653306590e+24 1.607821043619202816e+18 7.808101589517437501e+20 2.669877354125198400e+16 5.270056297487542272e+18
3.654501235402706633e-02 9.347449664088240554e+22 1.544937146744672449e+23 9.148002724828373603e+23 1.044901666348343124e+24 1.592120206885239552e+18 7.578964649633109770e+20 1.955798126151836800e+16 3.826861027765285376e+18
3.708992215512754015e-02 9.519407782462654251e+22 1.545238067183130383e+23 9.253474521872862911e+23 1.044883227272838897e+24 1.580552253100930048e+18 7.356753774918762496e+20 1.419868082242814200e+16 2.741971266900574208e+18
3.763483195622801397e-02 9.697917110199213516e+22 1.545525772969429445e+23 9.355514836970906887e+23 1.044865649121828213e+24 1.572111726961405440e+18 7.140944635495143178e+20 1.022324606592710200e+16 1.938009617796793088e+18
3.806117040427801912e-02 9.841570043873026952e+22 1.545732913153280311e+23 9.432556181806239910e+23 1.044853404754265011e+24 1.567172843449136640e+18 6.976303185856715817e+20 7.856423033621115000e+15 1.462841203709609728e+18
3.848750885232802427e-02 9.988232555415439042e+22 1.545921231038742727e+23 9.506853159626575184e+23 1.044842812272703026e+24 1.563365333166947584e+18 6.815199771704785633e+20 6.014901316508408000e+15 1.094560748922719360e+18
3.891384730037802941e-02 1.013743617385832267e+23 1.546090176883711468e+23 9.578175888057115345e+23 1.044833942805437846e+24 1.560446558635253760e+18 6.657524350299309343e+20 4.595407965266073000e+15 8.118668847854444800e+17
3.934018574842803456e-02 1.028869619483840264e+23 1.546240618132735441e+23 9.646331536278504761e+23 1.044826722648412874e+24 1.558220544365125376e+18 6.503194786874287718e+20 3.500262730740486000e+15 5.968894252658423040e+17
3.976652419647803971e-02 1.044151466416113011e+23 1.546374317614737727e+23 9.711166646629749595e+23 1.044820985875222118e+24 1.556531185985203712e+18 6.352150479954203116e+20 2.659257977779206500e+15 4.349705855973203200e+17
4.001683678740143579e-02 1.053175997271182179e+23 1.546445884079474066e+23 9.747638565783097710e+23 1.044818225275648912e+24 1.555738768142128384e+18 6.264981514361523405e+20 2.266484566701819500e+15 3.597726491834103680e+17
4.026714937832483188e-02 1.062226341907509805e+23 1.546512886634684812e+23 9.782909736229676085e+23 1.044815859456476340e+24 1.555067988962041344e+18 6.178923783320232264e+20 1.933698958985590750e+15 2.966727524079795840e+17
4.051746196924822796e-02 1.071292077208374010e+23 1.546575770735816265e+23 9.816968557572192773e+23 1.044813845012546937e+24 1.554501095232156672e+18 6.093972097129439560e+20 1.649318120573405250e+15 2.439093324055114240e+17
4.069619934162135161e-02 1.077769177354674981e+23 1.546618389184909830e+23 9.840542507458379834e+23 1.044812598564178090e+24 1.554151276010109184e+18 6.033986231144973599e+20 1.472472350684191500e+15 2.117030215838413120e+17
4.087493671399447526e-02 1.084245036048354619e+23 1.546659272634240042e+23 9.863493490162569514e+23 1.044811495597332608e+24 1.553841633058395392e+18 5.974560998741560525e+20 1.315837566609161750e+15 1.834700846573901440e+17
4.105367408636759891e-02 1.090715898224015363e+23 1.546698561362528997e+23 9.885821502258246299e+23 1.044810522361079047e+24 1.553567763759118848e+18 5.915695248710379766e+20 1.177098782620389250e+15 1.587718891814389760e+17
4.123241145874072255e-02 1.097178036714977383e+23 1.546736386601296142e+23 9.907527624328601697e+23 1.044809665979458716e+24 1.553325715451733504e+18 5.857388116052101693e+20 1.053774300808273250e+15 1.372006123773155360e+17
4.141114883111384620e-02 1.103627763190608251e+23 1.546772870254811981e+23 9.928613992819096960e+23 1.044808914483541027e+24 1.553111942091845632e+18 5.799638885585420288e+20 9.440817150247407500e+14 1.183848116661866720e+17
4.158988620348696985e-02 1.110061434864624143e+23 1.546808125387168169e+23 9.949083762752437260e+23 1.044808256765736992e+24 1.552923270030921728e+18 5.742446753963895685e+20 8.467664791523437500e+14 1.020071508661654240e+17
4.177738965126536613e-02 1.116789466996509822e+23 1.546843903051736694e+23 9.969899266618734884e+23 1.044807656391557448e+24 1.552749227735362304e+18 5.683047717400948244e+20 7.565472446475087500e+14 8.712626016240604800e+16
4.196489309904376241e-02 1.123491809867780661e+23 1.546878553444433149e+23 9.990046578527225155e+23 1.044807137131376893e+24 1.552596776620925696e+18 5.624260378321464197e+20 6.769597027401176250e+14 7.430198307358577600e+16
4.215239654682215870e-02 1.130164474962188876e+23 1.546912176185885464e+23 1.000953257777836570e+24 1.044806689191246780e+24 1.552463333366933760e+18 5.566083998631850148e+20 6.066351187689025000e+14 6.327192414543456000e+16
4.233989999460055498e-02 1.136803566406994934e+23 1.546944861108585722e+23 1.002836512562585992e+24 1.044806303741739237e+24 1.552346607690214912e+18 5.508517836760520458e+20 5.444587390239990000e+14 5.380256812446660800e+16
4.252740344237895126e-02 1.143405288287917111e+23 1.546976688734940829e+23 1.004655299069536859e+24 1.044805972872586836e+24 1.552244571511192576e+18 5.451561155456670106e+20 4.894971317196907500e+14 4.568370549202374400e+16
4.280572162631902239e-02 1.153127694337032302e+23 1.547022499196897434e+23 1.007238206735855034e+24 1.044805567840827533e+24 1.552116512480262400e+18 5.368140273579823596e+20 4.194208845836509375e+14 3.574306141864228000e+16
4.308403981025909352e-02 1.162748085019954748e+23 1.547066780667480239e+23 1.009684657086319359e+24 1.044805247775116146e+24 1.552011894894720512e+18 5.286057216889721979e+20 3.608621057080696875e+14 2.788608449029749200e+16
4.336235799419916465e-02 1.172255489966715395e+23 1.547109704775260449e+23 1.011998433082723797e+24 1.044804995899183581e+24 1.551926497970995200e+18 5.205308439341633372e+20 3.117585875712079375e+14 2.169439994703385200e+16
4.364067617813923577e-02 1.181639584794611370e+23 1.547151412149124480e+23 1.014183590682101746e+24 1.044804798525101002e+24 1.551856864596792832e+18 5.125889806084048814e+20 2.704559260219646250e+14 1.683181776357113800e+16
4.398086197634477196e-02 1.192928199111629592e+23 1.547200901651992181e+23 1.016686073229347536e+24 1.044804615500370209e+24 1.551789120271870208e+18 5.030616622236426568e+20 2.286447201458356250e+14 1.230065823427823600e+16
4.432104777455030814e-02 1.204002071460451996e+23 1.547248913214856181e+23 1.019010994781502795e+24 1.044804481181220449e+24 1.551736495022927616e+18 4.937313319529890447e+20 1.944802660700337500e+14 8.957962763778704000e+15
4.466123357275584432e-02 1.214846689527910378e+23 1.547295579450622901e+23 1.021166841330341117e+24 1.044804383046032662e+24 1.551695647193073152e+18 4.845968115530018980e+20 1.663846071697631562e+14 6.502442848699036000e+15
4.500141937096138051e-02 1.225449183060043141e+23 1.547341002389577783e+23 1.023162276945818695e+24 1.044804311679926882e+24 1.551663974137640960e+18 4.756567530238824284e+20 1.431351404401280312e+14 4.706078690790240000e+15
4.531429532845937524e-02 1.234977118104219371e+23 1.547381750058669216e+23 1.024863426061637538e+24 1.044804263515367982e+24 1.551641173462546688e+18 4.676047675508504658e+20 1.252002935173919219e+14 3.487430799009546000e+15
4.562717128595736998e-02 1.244283275121742085e+23 1.547421561650455092e+23 1.026443090875291298e+24 1.044804227852861746e+24 1.551623159538383872e+18 4.597146822084520837e+20 1.099668968863339062e+14 2.579766539054313000e+15
4.594004724345536472e-02 1.253361335440371068e+23 1.547460476256826467e+23 1.027908020354121764e+24 1.044804201536071605e+24 1.551608936813612544e+18 4.519850695445574451e+20 9.696192985787239062e+13 1.904886391922029500e+15
4.625292320095335946e-02 1.262206115631822600e+23 1.547498525915557029e+23 1.029264863892172595e+24 1.044804182161785652e+24 1.551597709483994368e+18 4.444143868880131850e+20 8.580315963533106250e+13 1.404465131362946750e+15
4.656794891994873314e-02 1.270871833765895901e+23 1.547535990203393906e+23 1.030528418899226933e+24 1.044804167818409641e+24 1.551588786241707776e+18 4.369505882802025267e+20 7.611840717922042188e+13 1.032298879046693375e+15
4.688297463894410683e-02 1.279293796340166610e+23 1.547572627538717841e+23 1.031695456925998968e+24 1.044804157293678182e+24 1.551581746426837760e+18 4.296444448147599524e+20 6.773763428895976562e+13 7.581177277876437500e+14
4.719800035793948051e-02 1.287469911458855969e+23 1.547608457506226375e+23 1.032772233189798510e+24 1.044804149591955443e+24 1.551576194579757056e+18 4.224940565753151488e+20 6.045799586188256250e+13 5.562353378215946250e+14
4.751302607693485419e-02 1.295399048796748655e+23 1.547643497589799565e+23 1.033764776471617008e+24 1.044804143971543120e+24 1.551571817299389696e+18 4.154974289517493617e+20 5.411213087923907812e+13 4.080277044770675625e+14
4.782805179593022787e-02 1.303080973904498603e+23 1.547677763845880724e+23 1.034678864894481784e+24 1.044804139874206865e+24 1.551568364515062016e+18 4.086524817958233047e+20 4.856033306511502344e+13 2.993441253251813125e+14
4.824031174893012031e-02 1.312761614402592713e+23 1.547721462554215538e+23 1.035765731892881934e+24 1.044804136129830888e+24 1.551564916127817984e+18 3.999203297064590377e+20 4.230305539787064062e+13 1.996336242655582500e+14
4.865257170193001274e-02 1.322023274947756195e+23 1.547763893391529481e+23 1.036739324647178550e+24 1.044804133644309423e+24 1.551562378873821184e+18 3.914392010834723471e+20 3.699880209827522656e+13 1.333098226561445625e+14
4.906483165492990517e-02 1.330871230630596245e+23 1.547805086736861752e+23 1.037610501931916318e+24 1.044804131997411193e+24 1.551560509922048256e+18 3.832038725385629860e+20 3.248215188476242969e+13 8.919937527963803125e+13
4.947709160792979760e-02 1.339312486333808221e+23 1.547845072365756634e+23 1.038389315654842256e+24 1.044804130907841341e+24 1.551559131071926784e+18 3.752089579627672371e+20 2.861981411756835547e+13 5.980450339039789062e+13
4.988935156092969003e-02 1.347355531999277975e+23 1.547883879801535783e+23 1.039085023545296473e+24 1.044804130185405830e+24 1.551558111044472320e+18 3.674489368702213816e+20 2.530328866410382422e+13 4.021515899440128125e+13
5.034586988072668745e-02 1.355809216786606829e+23 1.547925514253697213e+23 1.039768682552341515e+24 1.044804129665418434e+24 1.551557286066342912e+18 3.591231011113122529e+20 2.216162541312330469e+13 2.601110423790313672e+13
5.080238820052368487e-02 1.363801248859603578e+23 1.547965779943594100e+23 1.040371290013242847e+24 1.044804129334330411e+24 1.551556691410912256e+18 3.510706336012305695e+20 1.948432806875760156e+13 1.688111565103066211e+13
5.125890652032068229e-02 1.371347516125326281e+23 1.548004716820831865e+23 1.040902262427089275e+24 1.044804129121956358e+24 1.551556260551717120e+18 3.432836877701420810e+20 1.719276453698254883e+13 1.106182605708200391e+13
5.171542484011767971e-02 1.378464810423835752e+23 1.548042364819849326e+23 1.041370032329434327e+24 1.044804128984290845e+24 1.551555946512958976e+18 3.357543668317494968e+20 1.522311012181887305e+13 7.299244108709560547e+12
5.208341535789515198e-02 1.383901502942490164e+23 1.548071801068295595e+23 1.041706238732749289e+24 1.044804128908656337e+24 1.551555755509731072e+18 3.298672705040315843e+20 1.383396607180224609e+13 5.231732999599243164e+12
5.245140587567262425e-02 1.389080078547927737e+23 1.548100446524839024e+23 1.042009829056594372e+24 1.044804128854696784e+24 1.551555606274060032e+18 3.241382885231112356e+20 1.259733359979337305e+13 3.784032176825954590e+12
5.281939639345009652e-02 1.394009933840838746e+23 1.548128321861878966e+23 1.042284019356479519e+24 1.044804128816217366e+24 1.551555489313541120e+18 3.185632990187248026e+20 1.149382630503600391e+13 2.750644530897720703e+12
5.318738691122756879e-02 1.398700488295198847e+23 1.548155447604901388e+23 1.042531725163912564e+24 1.044804128788657367e+24 1.551555397280514560e+18 3.131382062197340897e+20 1.050677353482054883e+13 2.007604050838696289e+12
5.355537742900504106e-02 1.403161127075660190e+23 1.548181844094499286e+23 1.042755584110781434e+24 1.044804128768723887e+24 1.551555324515961088e+18 3.078589487312856678e+20 9.621828798112199219e+12 1.479707113127437988e+12
5.392336794678251333e-02 1.407401152294405297e+23 1.548207531450678483e+23 1.042957977541188132e+24 1.044804128754181664e+24 1.551555266717174528e+18 3.027215070278312919e+20 8.826650013759164062e+12 1.096920365747876587e+12
5.427409233887663803e-02 1.411245315389006650e+23 1.548231371754480557e+23 1.043132867366244852e+24 1.044804128743956958e+24 1.551555222543833344e+18 2.979534669952898171e+20 8.142553404558211914e+12 8.287246102444072266e+11
5.462481673097076273e-02 1.414905227314967463e+23 1.548254602920809925e+23 1.043291892512236050e+24 1.044804128736332317e+24 1.551555186779386112e+18 2.933072491551980257e+20 7.522305908536187500e+12 6.319602365021361084e+11
5.497554112306488744e-02 1.418388543418224943e+23 1.548277241662905694e+23 1.043436572354004765e+24 1.044804128730618131e+24 1.551555157703849472e+18 2.887795123038491443e+20 6.958921268648669922e+12 4.858829305003027344e+11
5.532626551515901214e-02 1.421702739259786611e+23 1.548299304423190493e+23 1.043568280472383641e+24 1.044804128726307058e+24 1.551555133964276736e+18 2.843669689878514237e+20 6.446282310025453125e+12 3.757998510212397461e+11
5.567698990725313685e-02 1.424855103188631762e+23 1.548320807356074159e+23 1.043688257713223244e+24 1.044804128723031877e+24 1.551555114494209280e+18 2.800663890514232934e+20 5.979019306256883789e+12 2.931973249580815430e+11
5.641480874062333034e-02 1.430989769240156832e+23 1.548364285312414735e+23 1.043907189508690630e+24 1.044804128718570480e+24 1.551555084262793472e+18 2.713708068284496937e+20 5.124734147033239258e+12 1.793437184442779541e+11
5.715262757399352384e-02 1.436502099931296778e+23 1.548405498213307221e+23 1.044087991961792899e+24 1.044804128716011619e+24 1.551555063848515840e+18 2.631282318290553405e+20 4.414714979866066406e+12 1.137749532867821655e+11
5.789044640736371733e-02 1.441450506007210801e+23 1.548444582822672796e+23 1.044237809925070535e+24 1.044804128714449056e+24 1.551555049630377472e+18 2.553113131108667884e+20 3.820296206413263672e+12 7.513119005865408325e+10
5.862826524073391082e-02 1.445888922026398229e+23 1.548481668898765857e+23 1.044362395427309682e+24 1.044804128713456516e+24 1.551555039495821056e+18 2.478940998913272054e+20 3.319693832910005859e+12 5.171628411338246155e+10
5.945386098523209456e-02 1.450311656514540347e+23 1.548520948420727317e+23 1.044477577831334990e+24 1.044804128712767576e+24 1.551555031453029888e+18 2.400381968848394322e+20 2.850207587882944336e+12 3.563281036173757172e+10
6.027945672973027830e-02 1.454220827319206769e+23 1.548558040971452036e+23 1.044572150040324303e+24 1.044804128712341972e+24 1.551555025722758400e+18 2.326196875978980721e+20 2.458265715796072754e+12 2.566142508982503891e+10
6.110505247422846203e-02 1.457673280005437737e+23 1.548593097930529204e+23 1.044650165005424068e+24 1.044804128712069778e+24 1.551555021533809920e+18 2.256082963319460332e+20 2.129138121391433350e+12 1.920082495659479904e+10
6.193064821872664577e-02 1.460719969314977371e+23 1.548626260223923763e+23 1.044714820875611540e+24 1.044804128711889390e+24 1.551555018395617280e+18 2.189758380183286907e+20 1.851301712986490479e+12 1.483660304556336403e+10
6.295459506122294546e-02 1.464002907274686025e+23 1.548664952081711534e+23 1.044780188405365138e+24 1.044804128711744032e+24 1.551555015514353408e+18 2.112374667552680509e+20 1.564708832285208984e+12 1.117912237248509216e+10
6.397854190371923822e-02 1.466808147228024950e+23 1.548701160068836240e+23 1.044832619637232797e+24 1.044804128711648066e+24 1.551555013372184320e+18 2.039958695240805581e+20 1.329416553009194580e+12 8.691494518730484009e+09
6.500248874621553097e-02 1.469202149922052160e+23 1.548735093537970428e+23 1.044874908230919454e+24 1.044804128711581628e+24 1.551555011723891968e+18 1.972091758317408092e+20 1.134925629998501465e+12 6.927771470537002563e+09
6.602643558871182372e-02 1.471242442610249008e+23 1.548766941983366814e+23 1.044909197128296053e+24 1.044804128711533713e+24 1.551555010420021760e+18 1.908394868494044692e+20 9.732361495960643311e+11 5.628060037874079704e+09
6.767300201792084136e-02 1.473904491627107026e+23 1.548814202035081157e+23 1.044951549144384743e+24 1.044804128711482307e+24 1.551555008832563712e+18 1.813874766103571333e+20 7.675218009134415283e+11 4.155720161810921669e+09
6.931956844712985899e-02 1.475949859330022105e+23 1.548857137782576067e+23 1.044982336240545371e+24 1.044804128711447679e+24 1.551555007632064000e+18 1.728003271817741271e+20 6.114235961833121338e+11 3.156980796747436523e+09
7.096613487633887662e-02 1.477514448979862172e+23 1.548896290104994798e+23 1.045004860088898785e+24 1.044804128711421372e+24 1.551555006668924928e+18 1.649698627509389230e+20 4.912696528461207275e+11 2.450858246920848846e+09
7.261270130554789426e-02 1.478705264585141062e+23 1.548932116634749433e+23 1.045021413615664192e+24 1.044804128711400434e+24 1.551555005865184768e+18 1.578045568424090665e+20 3.978337831794179688e+11 1.937227684137920856e+09
7.496328880336110279e-02 1.479920789355809158e+23 1.548978242190639922e+23 1.045037788098216648e+24 1.044804128711376812e+24 1.551555004912386816e+18 1.485794457120503235e+20 2.987464143632235107e+11 1.425551310635431767e+09
7.731387630117431131e-02 1.480728195487295236e+23 1.549019325814567013e+23 1.045048409056947525e+24 1.044804128711357351e+24 1.551555004104795136e+18 1.403627209656781046e+20 2.275130855737357483e+11 1.080814533994205952e+09
7.966446379898751984e-02 1.481257800063085665e+23 1.549056141217976749e+23 1.045055250085355572e+24 1.044804128711340305e+24 1.551555003391194624e+18 1.329996403181165281e+20 1.752716109594630127e+11 8.422331749265873432e+08
8.201505129680072836e-02 1.481600630147568223e+23 1.549089309944497475e+23 1.045059626312912987e+24 1.044804128711324870e+24 1.551555002743862784e+18 1.263658950447130542e+20 1.364455852203775940e+11 6.734637976469409466e+08
8.687655172771072132e-02 1.481964691205418186e+23 1.549148290386658444e+23 1.045064211529735969e+24 1.044804128711296818e+24 1.551555001561666304e+18 1.145698066671339766e+20 8.553044134819017029e+10 4.627820592291706204e+08
9.173805215862071427e-02 1.482100912539843995e+23 1.549197191424638347e+23 1.045065952871508093e+24 1.044804128711271585e+24 1.551555000510672128e+18 1.047895991164023931e+20 5.595688589272272491e+10 3.469026020879483223e+08
9.659955258953070723e-02 1.482148873067874862e+23 1.549238456558953106e+23 1.045066557853679531e+24 1.044804128711248500e+24 1.551554999549029632e+18 9.653657229217554432e+19 3.721051699832591248e+10 2.759190308800513744e+08
1.000000000000000056e-01 1.482161693561648285e+23 1.549263727646291956e+23 1.045066717392460642e+24 1.044804128711233333e+24 1.551554998919532800e+18 9.148235485108687667e+19 2.795983426216268921e+10 2.403419009753109515e+08
