8.010883104000000162e-21 2.668595942875052032e+18
2.403264931200000199e-20 3.426503773381762560e+18
4.005441551999999630e-20 3.582700444340667392e+18
5.607618172799999963e-20 3.528383828918385664e+18
7.209794793600000297e-20 3.397633890445274624e+18
8.811971414400000630e-20 3.231382906811494912e+18
1.041414803520000096e-19 3.055872503002300928e+18
1.201632465600000130e-19 2.884189423257847808e+18
1.361850127680000163e-19 2.713586475204976128e+18
1.522067789760000196e-19 2.543281886726135808e+18
1.682285451840000230e-19 2.378664402802200064e+18
1.842503113920000022e-19 2.219552259388337152e+18
2.002720776000000056e-19 2.066763969274250496e+18
2.162938438079999848e-19 1.923556826914783232e+18
2.323156100160000122e-19 1.788221435158662912e+18
2.483373762240000396e-19 1.662377821831654912e+18
2.643591424319999707e-19 1.545930921107388928e+18
2.803809086399999982e-19 1.436902624499891712e+18
2.964026748480000256e-19 1.335626025570241792e+18
3.124244410560000048e-19 1.241097754025339392e+18
3.284462072639999841e-19 1.152419729532179328e+18
3.444679734720000115e-19 1.069762036968861184e+18
3.604897396800000389e-19 9.929814004626652160e+17
3.765115058879999700e-19 9.214777894704791040e+17
3.925332720960000456e-19 8.544399269121258240e+17
4.085550383040000730e-19 7.905661125833738240e+17
4.245768045120000041e-19 7.295521099041309440e+17
4.405985707199999833e-19 6.714616511168177920e+17
4.566203369280000108e-19 6.162910070194014720e+17
4.726421031360000382e-19 5.641570928626705920e+17
4.886638693440000656e-19 5.145490266344910080e+17
5.046856355519999967e-19 4.674880658131903360e+17
5.207074017600000241e-19 4.231122377290051840e+17
5.367291679679999552e-19 3.815511329764291840e+17
5.527509341759999826e-19 3.431427895206005760e+17
5.687727003840000100e-19 3.081751053170428800e+17
5.847944665920001337e-19 2.771762400293934400e+17
6.008162328000000648e-19 2.497567585955472960e+17
6.168379990080000922e-19 2.255371975033923520e+17
6.328597652160000234e-19 2.041921045950688640e+17
6.488815314240000508e-19 1.855198414168320640e+17
6.649032976319999819e-19 1.692135601253630400e+17
6.809250638400000093e-19 1.549045565260070400e+17
6.969468300480001330e-19 1.423163532663675360e+17
7.129685962560000641e-19 1.311981355160747680e+17
7.289903624639999952e-19 1.213420667717426080e+17
7.450121286720001189e-19 1.125777001203243360e+17
7.610338948800000500e-19 1.047593016107480000e+17
7.770556610879999811e-19 9.775523099453763200e+16
7.930774272960001048e-19 9.141409764439504000e+16
8.090991935040000359e-19 8.562214524139545600e+16
8.251209597120000634e-19 8.028058576444696000e+16
8.411427259200000908e-19 7.532648838972838400e+16
8.571644921280000219e-19 7.072545122053718400e+16
8.731862583359999530e-19 6.644910070130112800e+16
8.892080245439999804e-19 6.246999817648498400e+16
9.052297907520002004e-19 5.876366193437271200e+16
9.212515569600000352e-19 5.530976082915372800e+16
9.372733231680000626e-19 5.206185070901717600e+16
9.532950893760000900e-19 4.900063447969321600e+16
9.693168555840001174e-19 4.610715824776056000e+16
9.853386217919999523e-19 4.336756810146141600e+16
1.001360387999999980e-18 4.077104920103763200e+16
1.017382154208000007e-18 3.830739716462985600e+16
1.033403920416000034e-18 3.596821989428259600e+16
1.049425686624000254e-18 3.374591647383904800e+16
1.065447452832000089e-18 3.163338085367526400e+16
1.081469219040000117e-18 2.962418744542330000e+16
1.097490985247999952e-18 2.771231356163025200e+16
1.113512751456000172e-18 2.589201255503514800e+16
1.129534517664000006e-18 2.415423136023104800e+16
1.145556283872000034e-18 2.249869899274393200e+16
1.161578050080000061e-18 2.093539785469700000e+16
1.177599816288000089e-18 1.946713292289884000e+16
1.193621582495999923e-18 1.809156179465204400e+16
1.209643348703999951e-18 1.680613453978614800e+16
1.225665114911999978e-18 1.560805280543786400e+16
1.241686881120000006e-18 1.449352919195910400e+16
1.257708647328000226e-18 1.345871528401985800e+16
1.273730413536000060e-18 1.250030559426481400e+16
1.289752179744000280e-18 1.161550721567489200e+16
1.305773945952000115e-18 1.080046394076375000e+16
1.321795712160000143e-18 1.005006288993361800e+16
1.337817478367999977e-18 9.359795126044342000e+15
1.353839244576000005e-18 8.725336512008716000e+15
1.369861010784000225e-18 8.142584913974652000e+15
1.385882776992000060e-18 7.607427298777721000e+15
1.401904543200000087e-18 7.115780885936124000e+15
1.417926309408000114e-18 6.663903699127180000e+15
1.433948075615999949e-18 6.248327481111534000e+15
1.449969841823999977e-18 5.865988605396745000e+15
1.465991608032000197e-18 5.513986489135308000e+15
1.482013374240000032e-18 5.189304794532400000e+15
1.498035140448000059e-18 4.889423682244852000e+15
1.514056906656000279e-18 4.611801347900452000e+15
1.530078672864000114e-18 4.354443902012463500e+15
1.546100439072000141e-18 4.115546878376506000e+15
1.562122205280000169e-18 3.893532865402219000e+15
1.578143971488000003e-18 3.686841759683910000e+15
1.594165737696000031e-18 3.493844752408215000e+15
1.610187503904000251e-18 3.313014590013777000e+15
1.626209270112000086e-18 3.143017291942541000e+15
1.642231036320000113e-18 2.982711596609759500e+15
1.658252802527999948e-18 2.831005482484392000e+15
1.674274568735999975e-18 2.686983573111784500e+15
1.690296334944000195e-18 2.549845935542233000e+15
1.706318101152000223e-18 2.419049585757847500e+15
1.722339867360000057e-18 2.294304265810470500e+15
1.738361633568000085e-18 2.175341845164082750e+15
1.754383399776000112e-18 2.061902964191401250e+15
1.770405165983999754e-18 1.953767411047024500e+15
1.786426932192000167e-18 1.850731922105841750e+15
1.802448698399999809e-18 1.752598867651586250e+15
1.818470464608000222e-18 1.659183748141929750e+15
1.834492230815999864e-18 1.570305355132868250e+15
1.850513997024000277e-18 1.485788277073311500e+15
1.866535763231999919e-18 1.405583367796166000e+15
1.882557529440000332e-18 1.329527907832649250e+15
1.898579295647999974e-18 1.257432705103171250e+15
1.914601061856000386e-18 1.189104052707869250e+15
1.930622828064000414e-18 1.124312059855606125e+15
1.946644594272000056e-18 1.062898054387173375e+15
1.962666360480000083e-18 1.004709235254992875e+15
1.978688126687999726e-18 9.495988425440827500e+14
1.994709892896000138e-18 8.974134280670367500e+14
2.010731659103999780e-18 8.480126204651318750e+14
2.026753425312000193e-18 8.012689005494608750e+14
2.042775191519999835e-18 7.570539505415568750e+14
2.058796957728000248e-18 7.152394561767073750e+14
2.074818723935999890e-18 6.757034559922136250e+14
2.090840490144000688e-18 6.383298043835152500e+14
2.106862256352000330e-18 6.030079772573461250e+14
2.122884022560000357e-18 5.696328265464252500e+14
2.138905788768000000e-18 5.381043211399790625e+14
2.154927554976000412e-18 5.083273806549623750e+14
2.170949321184000055e-18 4.802115736183330000e+14
2.186971087392000082e-18 4.536709465282697500e+14
2.202992853600000109e-18 4.286213810036422500e+14
2.219014619807999752e-18 4.049807854034541250e+14
2.235036386016000164e-18 3.827117475918085625e+14
2.251058152223999806e-18 3.617543928417235000e+14
2.267079918432000219e-18 3.420335111189563750e+14
2.283101684639999861e-18 3.234783573699402500e+14
2.299123450848000274e-18 3.060224162190325000e+14
2.315145217055999916e-18 2.896031612762513750e+14
2.331166983264000714e-18 2.741618560011914062e+14
2.347188749472000356e-18 2.596433367332856250e+14
2.363210515680000383e-18 2.459925630330243438e+14
2.379232281888000026e-18 2.331549957198481562e+14
2.395254048096000053e-18 2.210742963129155312e+14
2.411275814304000080e-18 2.096986563799546250e+14
2.427297580511999723e-18 1.989848810257998750e+14
2.443319346720000135e-18 1.888926042180758125e+14
2.459341112927999777e-18 1.793841072506372188e+14
2.475362879136000190e-18 1.704241427481580625e+14
2.491384645343999832e-18 1.619770681741358438e+14
2.507406411552000630e-18 1.540122097706377812e+14
2.523428177760000272e-18 1.465000956881004375e+14
2.539449943968000300e-18 1.394122972434692031e+14
2.555471710175999942e-18 1.327222906868295469e+14
2.571493476384000355e-18 1.264053209963338906e+14
2.587515242591999997e-18 1.204382691162875156e+14
2.603537008800000795e-18 1.147995403389852812e+14
2.619558775008000437e-18 1.094689595539605156e+14
2.635580541216000079e-18 1.044276729229840938e+14
2.651602307424000106e-18 9.965805538421101562e+13
2.667624073631999749e-18 9.514362467313868750e+13
2.683645839840000161e-18 9.086910366996451562e+13
2.699667606047999803e-18 8.682032724866940625e+13
2.715689372256000601e-18 8.298402624925856250e+13
2.731711138463999858e-18 7.934776644624331250e+13
2.747732904672000656e-18 7.589988809565042188e+13
2.763754670880000298e-18 7.262945329399626562e+13
2.779776437088000326e-18 6.952620207015485156e+13
2.795798203295999968e-18 6.658050828052283594e+13
2.811819969504000380e-18 6.378333802333708594e+13
2.827841735712000023e-18 6.112621041081257812e+13
2.843863501920000050e-18 5.860125009049028906e+13
2.859885268128000463e-18 5.620114151818268750e+13
2.875907034336000105e-18 5.391835974512701562e+13
2.891928800544000132e-18 5.174613567116262500e+13
2.907950566751999775e-18 4.967845981630430469e+13
2.923972332960000187e-18 4.770966997226050000e+13
2.939994099167999829e-18 4.583443162104917969e+13
2.956015865376000627e-18 4.404771835544780469e+13
2.972037631584000269e-18 4.234478877592032812e+13
2.988059397792000682e-18 4.072064539608293750e+13
3.004081164000000324e-18 3.917115886991361719e+13
3.020102930208000352e-18 3.769248985544196094e+13
3.036124696415999994e-18 3.628101070808789062e+13
3.052146462624000406e-18 3.493329303282042188e+13
3.068168228832000049e-18 3.364609438651960156e+13
3.084189995039999691e-18 3.241634736677816016e+13
3.100211761248000489e-18 3.124115171261446484e+13
3.116233527456000131e-18 3.011776275327555469e+13
3.132255293664000158e-18 2.904358378905187500e+13
3.148277059871999800e-18 2.801615763895528516e+13
3.164298826080000213e-18 2.703317781526539844e+13
3.180320592287999855e-18 2.609247900787607422e+13
3.196342358496000653e-18 2.519192333708789062e+13
3.212364124704000295e-18 2.432898792814764062e+13
3.228385890912000708e-18 2.350172806477310156e+13
3.244407657120000350e-18 2.270844908204201172e+13
3.260429423328000378e-18 2.194754120360002344e+13
3.276451189536000020e-18 2.121747522424651562e+13
3.292472955744000432e-18 2.051679813860351172e+13
3.308494721952000075e-18 1.984412899590406641e+13
3.324516488159999717e-18 1.919813684439935156e+13
3.340538254368000515e-18 1.857759994511646875e+13
3.356560020576000157e-18 1.798136923718996875e+13
3.372581786784000184e-18 1.740835060329934375e+13
3.388603552991999826e-18 1.685750149176485547e+13
3.404625319200000239e-18 1.632782813173239648e+13
3.420647085407999881e-18 1.581838353238284180e+13
3.436668851616000679e-18 1.532826517456549414e+13
3.452690617824000321e-18 1.485661263287333789e+13
3.468712384032000734e-18 1.440260566271007422e+13
3.484734150239999991e-18 1.396546904256207812e+13
3.500755916447999633e-18 1.354446993934343945e+13
3.516777682656000046e-18 1.313890877961920312e+13
3.532799448864001229e-18 1.274811759549970117e+13
3.548821215072000871e-18 1.237145798604690234e+13
3.564842981279999743e-18 1.200831939404713672e+13
3.580864747488000155e-18 1.165811811824161523e+13
3.596886513696000568e-18 1.132029631680464648e+13
3.612908279904000210e-18 1.099432045480861328e+13
3.628930046111999852e-18 1.067968008920696289e+13
3.644951812320000265e-18 1.037589166087466406e+13
3.660973578527999907e-18 1.008249681045043750e+13
3.676995344736000320e-18 9.799056139200351562e+12
3.693017110943999962e-18 9.525147939762396484e+12
3.709038877151999604e-18 9.260366265279277344e+12
3.725060643360000017e-18 9.004319796751527344e+12
3.741082409568000429e-18 8.756631350322435547e+12
3.757104175776000072e-18 8.516937178673373047e+12
3.773125941983999714e-18 8.285872769013262695e+12
3.789147708192000897e-18 8.063333499081226562e+12
3.805169474400000539e-18 7.848984792682015625e+12
3.821191240608000181e-18 7.642510105423429688e+12
3.837213006815999823e-18 7.443606547516599609e+12
3.853234773024000236e-18 7.251984018964545898e+12
3.869256539231999878e-18 7.067364654259920898e+12
3.885278305440000291e-18 6.889482332585123047e+12
3.901300071647999933e-18 6.718082161520718750e+12
3.917321837855999575e-18 6.552919977117219727e+12
3.933343604063999988e-18 6.393761857348549805e+12
3.949365370272000400e-18 6.240383726833799805e+12
3.965387136480000043e-18 6.092572731994958008e+12
3.981408902687999685e-18 5.950053941201385742e+12
3.997430668896000098e-18 5.812630101107846680e+12
4.013452435104001280e-18 5.680114484468000977e+12
4.029474201312000923e-18 5.552329171724991211e+12
4.045495967520000565e-18 5.429104345057299805e+12
4.061517733728000207e-18 5.310277134815422852e+12
4.077539499936000620e-18 5.195691834252609375e+12
4.093561266144000262e-18 5.085199423946209961e+12
4.109583032351999904e-18 4.978656903567832031e+12
4.125604798559999546e-18 4.875903711014166016e+12
4.141626564767999959e-18 4.776811232389906250e+12
4.157648330976000372e-18 4.681257198148833008e+12
4.173670097184000014e-18 4.589124759043007812e+12
4.189691863391999656e-18 4.500301638441633789e+12
4.205713629600000069e-18 4.414679252845733398e+12
4.221735395808000481e-18 4.332154904678986816e+12
4.237757162016000123e-18 4.252628208995509766e+12
4.253778928223999766e-18 4.176003723188318848e+12
4.269800694432000949e-18 4.102189908815330078e+12
4.285822460640000591e-18 4.031098320829226074e+12
4.301844226848000233e-18 3.962648903852608887e+12
4.317865993055999875e-18 3.896761032788363770e+12
4.333887759264000288e-18 3.833358964335345215e+12
4.349909525471999930e-18 3.772372027563561035e+12
4.365931291680001113e-18 3.713727524300036621e+12
4.381953057887999985e-18 3.657363575062491699e+12
4.397974824095999627e-18 3.603215393143395508e+12
4.413996590304000040e-18 3.551219338871210938e+12
4.430018356512000452e-18 3.501328347983622559e+12
4.446040122720000095e-18 3.453481591253304199e+12
4.462061888927999737e-18 3.407633478763214355e+12
4.478083655136000149e-18 3.363743837794092773e+12
4.494105421344000562e-18 3.321757752989302246e+12
4.510127187552000975e-18 3.281656427187921387e+12
4.526148953760000617e-18 3.243400315166471680e+12
4.542170719968000259e-18 3.206939873605602539e+12
4.558192486175999901e-18 3.172299753100016113e+12
4.574214252384000314e-18 3.139431555502997070e+12
4.590236018591999956e-18 3.108319417012603516e+12
4.606257784799999598e-18 3.079007276722742188e+12
4.622279551008000781e-18 3.051450180921099121e+12
4.638301317216000423e-18 3.025693430010474609e+12
4.654323083424000066e-18 3.001795666593077148e+12
4.670344849631999708e-18 2.979722971402557129e+12
4.686366615840000121e-18 2.959630411914785645e+12
4.702388382048000533e-18 2.941582856455503418e+12
4.718410148256000175e-18 2.925537066980882324e+12
4.734431914463999818e-18 2.911865349314969727e+12
4.750453680672001001e-18 2.900758215846972656e+12
4.766475446880000643e-18 2.892169013962130859e+12
4.782497213088000285e-18 2.886770764705741699e+12
4.798518979295999927e-18 2.884586608645313477e+12
