2.000000000000000367e-04 0.000000000000000000e+00
2.034882713337115895e-04 0.000000000000000000e+00
2.070373828519113098e-04 0.000000000000000000e+00
2.106483956899562440e-04 0.000000000000000000e+00
2.143223894908442525e-04 0.000000000000000000e+00
2.180604627280118685e-04 0.000000000000000000e+00
2.218637330337618508e-04 0.000000000000000000e+00
2.257333375334213943e-04 0.000000000000000000e+00
2.296704331853259497e-04 0.000000000000000000e+00
2.336761971267333838e-04 0.000000000000000000e+00
2.377518270257732169e-04 0.000000000000000000e+00
2.418985414395309803e-04 0.000000000000000000e+00
2.461175801783817524e-04 0.000000000000000000e+00
2.504102046766755203e-04 0.000000000000000000e+00
2.547776983698879375e-04 0.000000000000000000e+00
2.592213670783514025e-04 0.000000000000000000e+00
2.637425393976763422e-04 0.000000000000000000e+00
2.683425670959823425e-04 0.000000000000000000e+00
2.730228255180597698e-04 0.000000000000000000e+00
2.777847139965779481e-04 0.000000000000000000e+00
2.826296562704656043e-04 0.000000000000000000e+00
2.875591009105909752e-04 0.000000000000000000e+00
2.925745217528623581e-04 0.000000000000000000e+00
2.976774183388867416e-04 0.000000000000000000e+00
3.028693163643110943e-04 0.000000000000000000e+00
3.081517681349832979e-04 0.000000000000000000e+00
3.135263530310722639e-04 0.000000000000000000e+00
3.189946779792796668e-04 0.000000000000000000e+00
3.245583779332879824e-04 0.000000000000000000e+00
3.302191163625910349e-04 0.000000000000000000e+00
3.359785857498473493e-04 0.000000000000000000e+00
3.418385080969080420e-04 0.000000000000000000e+00
3.478006354396738584e-04 0.000000000000000000e+00
3.538667503719286449e-04 0.000000000000000000e+00
3.600386665783089591e-04 0.000000000000000000e+00
3.663182293765731537e-04 0.000000000000000000e+00
3.727073162693249190e-04 0.000000000000000000e+00
3.792078375053591749e-04 0.000000000000000000e+00
3.858217366508030245e-04 0.000000000000000000e+00
3.925509911702120686e-04 0.000000000000000000e+00
3.993976130178075886e-04 0.000000000000000000e+00
4.063636492390222156e-04 0.000000000000000000e+00
4.134511825825367185e-04 0.000000000000000000e+00
4.206623321229957502e-04 0.000000000000000000e+00
4.279992538945806319e-04 0.000000000000000000e+00
4.354641415356326505e-04 0.000000000000000000e+00
4.430592269445229490e-04 0.000000000000000000e+00
4.507867809469583088e-04 0.000000000000000000e+00
4.586491139749251933e-04 0.000000000000000000e+00
4.666485767574803795e-04 0.000000000000000000e+00
4.747875610235824688e-04 0.000000000000000000e+00
4.830685002171893560e-04 0.000000000000000000e+00
4.914938702248231560e-04 0.000000000000000000e+00
5.000661901158241990e-04 0.000000000000000000e+00
5.087880228955210180e-04 0.000000000000000000e+00
5.176619762715326803e-04 0.000000000000000000e+00
5.266907034334349959e-04 0.000000000000000000e+00
5.358769038460311314e-04 0.000000000000000000e+00
5.452233240564527406e-04 0.000000000000000000e+00
5.547327585153379427e-04 0.000000000000000000e+00
5.644080504123374659e-04 0.000000000000000000e+00
5.742520925261844445e-04 0.000000000000000000e+00
5.842678280895992468e-04 0.000000000000000000e+00
5.944582516692734943e-04 0.000000000000000000e+00
6.048264100612051920e-04 0.000000000000000000e+00
6.153754032016460441e-04 0.000000000000000000e+00
6.261083850939441493e-04 0.000000000000000000e+00
6.370285647515423928e-04 0.000000000000000000e+00
6.481392071574335100e-04 0.000000000000000000e+00
6.594436342403431957e-04 0.000000000000000000e+00
6.709452258679389838e-04 0.000000000000000000e+00
6.826474208573684709e-04 0.000000000000000000e+00
6.945537180034128989e-04 0.000000000000000000e+00
7.066676771245833074e-04 0.000000000000000000e+00
7.189929201274543758e-04 0.000000000000000000e+00
7.315331320895658790e-04 0.000000000000000000e+00
7.442920623612072576e-04 0.000000000000000000e+00
7.572735256864262859e-04 0.000000000000000000e+00
7.704814033435795082e-04 0.000000000000000000e+00
7.839196443057856994e-04 0.000000000000000000e+00
7.975922664216119479e-04 0.000000000000000000e+00
8.115033576163554595e-04 0.000000000000000000e+00
8.256570771142744247e-04 0.000000000000000000e+00
8.400576566821442740e-04 0.000000000000000000e+00
8.547094018944903894e-04 0.000000000000000000e+00
8.696166934209018920e-04 0.000000000000000000e+00
8.847839883357886325e-04 0.000000000000000000e+00
9.002158214509822136e-04 0.000000000000000000e+00
9.159168066715883769e-04 0.000000000000000000e+00
9.318916383754740230e-04 0.000000000000000000e+00
9.481450928168273133e-04 0.000000000000000000e+00
9.646820295541884329e-04 0.000000000000000000e+00
9.815073929033922822e-04 0.000000000000000000e+00
9.986262134158464809e-04 0.000000000000000000e+00
1.016043609382604601e-03 0.000000000000000000e+00
1.033764788364655409e-03 0.000000000000000000e+00
1.051795048749919583e-03 0.000000000000000000e+00
1.070139781337391171e-03 0.000000000000000000e+00
1.088804470948909068e-03 0.000000000000000000e+00
1.107794698069050317e-03 0.000000000000000000e+00
1.127116140513609917e-03 0.000000000000000000e+00
1.146774575127196012e-03 0.000000000000000000e+00
1.166775879510423362e-03 0.000000000000000000e+00
1.187126033777235936e-03 0.000000000000000000e+00
1.207831122342875119e-03 0.000000000000000000e+00
1.228897335743043022e-03 0.000000000000000000e+00
1.250330972484777620e-03 0.000000000000000000e+00
1.272138440929629528e-03 0.000000000000000000e+00
1.294326261209666033e-03 0.000000000000000000e+00
1.316901067176906061e-03 0.000000000000000000e+00
1.339869608386742936e-03 0.000000000000000000e+00
1.363238752115978345e-03 0.000000000000000000e+00
1.387015485416032579e-03 0.000000000000000000e+00
1.411206917201986589e-03 0.000000000000000000e+00
1.435820280378043677e-03 0.000000000000000000e+00
1.460862934000065711e-03 0.000000000000000000e+00
1.486342365475838267e-03 0.000000000000000000e+00
1.512266192803690072e-03 0.000000000000000000e+00
1.538642166850181245e-03 0.000000000000000000e+00
1.565478173667497839e-03 0.000000000000000000e+00
1.592782236851276708e-03 0.000000000000000000e+00
1.620562519939543113e-03 0.000000000000000000e+00
1.648827328853506987e-03 0.000000000000000000e+00
1.677585114380906539e-03 0.000000000000000000e+00
1.706844474702687211e-03 0.000000000000000000e+00
1.736614157963735664e-03 0.000000000000000000e+00
1.766903064888448354e-03 0.000000000000000000e+00
1.797720251441937414e-03 0.000000000000000000e+00
1.829074931537625660e-03 0.000000000000000000e+00
1.860976479792091120e-03 0.000000000000000000e+00
1.893434434327942147e-03 0.000000000000000000e+00
1.926458499625586813e-03 0.000000000000000000e+00
1.960058549424731171e-03 0.000000000000000000e+00
1.994244629676505867e-03 0.000000000000000000e+00
2.029026961547049628e-03 0.000000000000000000e+00
2.064415944473511986e-03 0.000000000000000000e+00
2.100422159273332163e-03 0.000000000000000000e+00
2.137056371307762773e-03 0.000000000000000000e+00
2.174329533700557291e-03 0.000000000000000000e+00
2.212252790612807916e-03 0.000000000000000000e+00
2.250837480574897909e-03 0.000000000000000000e+00
2.290095139876562828e-03 0.000000000000000000e+00
2.330037506016082848e-03 0.000000000000000000e+00
2.370676521209626186e-03 0.000000000000000000e+00
2.412024335961821756e-03 0.000000000000000000e+00
2.454093312698572837e-03 0.000000000000000000e+00
2.496896029463271417e-03 0.000000000000000000e+00
2.540445283677445799e-03 0.000000000000000000e+00
2.584754095967022394e-03 0.000000000000000000e+00
2.629835714055301504e-03 0.000000000000000000e+00
2.675703616723851003e-03 0.000000000000000000e+00
2.722371517842481908e-03 0.000000000000000000e+00
2.769853370469495431e-03 0.000000000000000000e+00
2.818163371023460918e-03 0.000000000000000000e+00
2.867315963527748961e-03 0.000000000000000000e+00
2.917325843929089065e-03 0.000000000000000000e+00
2.968207964491457670e-03 0.000000000000000000e+00
3.019977538266606712e-03 0.000000000000000000e+00
3.072650043642548030e-03 0.000000000000000000e+00
3.126241228971380140e-03 0.000000000000000000e+00
3.180767117277820411e-03 0.000000000000000000e+00
3.236244011049886800e-03 0.000000000000000000e+00
3.292688497113091788e-03 0.000000000000000000e+00
3.350117451589698474e-03 0.000000000000000000e+00
3.408548044944434419e-03 0.000000000000000000e+00
3.467997747118229269e-03 0.000000000000000000e+00
3.528484332751476681e-03 0.000000000000000000e+00
3.590025886498413032e-03 0.000000000000000000e+00
3.652640808434187182e-03 0.000000000000000000e+00
3.716347819556217215e-03 0.000000000000000000e+00
3.781165967381517733e-03 0.000000000000000000e+00
3.847114631641631362e-03 0.000000000000000000e+00
3.914213530076923915e-03 0.000000000000000000e+00
3.982482724331890336e-03 0.000000000000000000e+00
4.051942625953332787e-03 0.000000000000000000e+00
4.122614002493116964e-03 0.000000000000000000e+00
4.194517983717394038e-03 0.000000000000000000e+00
4.267676067924093194e-03 0.000000000000000000e+00
4.342110128370625481e-03 0.000000000000000000e+00
4.417842419813695042e-03 0.000000000000000000e+00
4.494895585163150194e-03 0.000000000000000000e+00
4.573292662251906594e-03 0.000000000000000000e+00
4.653057090723944356e-03 0.000000000000000000e+00
4.734212719042427825e-03 0.000000000000000000e+00
4.816783811620069591e-03 0.000000000000000000e+00
4.900795056073869831e-03 0.000000000000000000e+00
4.986271570606358623e-03 0.000000000000000000e+00
5.073238911515599858e-03 0.000000000000000000e+00
5.161723080836148544e-03 0.000000000000000000e+00
5.251750534113344172e-03 0.000000000000000000e+00
5.343348188313104194e-03 0.000000000000000000e+00
5.436543429869765062e-03 0.000000000000000000e+00
5.531364122874227705e-03 0.000000000000000000e+00
5.627838617404947071e-03 0.000000000000000000e+00
5.725995758004195219e-03 0.000000000000000000e+00
5.825864892302195716e-03 0.000000000000000000e+00
5.927475879791667228e-03 0.000000000000000000e+00
6.030859100755387066e-03 0.000000000000000000e+00
6.136045465349485202e-03 0.000000000000000000e+00
6.243066422845132413e-03 0.000000000000000000e+00
6.351953971031477908e-03 0.000000000000000000e+00
6.462740665782500116e-03 0.000000000000000000e+00
6.575459630790804651e-03 0.000000000000000000e+00
6.690144567471130281e-03 0.000000000000000000e+00
6.806829765036615139e-03 0.000000000000000000e+00
6.925550110750781745e-03 0.000000000000000000e+00
7.046341100358355543e-03 0.000000000000000000e+00
7.169238848698023837e-03 0.000000000000000000e+00
7.294280100500246354e-03 0.000000000000000000e+00
7.421502241373434221e-03 0.000000000000000000e+00
7.550943308981736962e-03 0.000000000000000000e+00
7.682642004417755167e-03 0.000000000000000000e+00
7.816637703773648277e-03 0.000000000000000000e+00
7.952970469914060966e-03 0.000000000000000000e+00
8.091681064454341044e-03 0.000000000000000000e+00
8.232810959947711726e-03 0.000000000000000000e+00
8.376402352284971833e-03 0.000000000000000000e+00
8.522498173310529002e-03 0.000000000000000000e+00
8.671142103658369821e-03 0.000000000000000000e+00
8.822378585812024401e-03 0.000000000000000000e+00
8.976252837392216868e-03 0.000000000000000000e+00
9.132810864676337362e-03 0.000000000000000000e+00
9.292099476353647344e-03 0.000000000000000000e+00
9.454166297520449208e-03 0.000000000000000000e+00
9.619059783919362699e-03 0.000000000000000000e+00
9.786829236426880171e-03 0.000000000000000000e+00
9.957524815793679721e-03 0.000000000000000000e+00
1.013119755764195322e-02 0.000000000000000000e+00
1.030789938772441218e-02 0.000000000000000000e+00
1.048768313744932734e-02 0.000000000000000000e+00
1.067060255967640023e-02 0.000000000000000000e+00
1.085671234478814869e-02 0.000000000000000000e+00
1.104606813704153701e-02 0.000000000000000000e+00
1.123872655120487611e-02 0.000000000000000000e+00
1.143474518948483024e-02 0.000000000000000000e+00
1.163418265874871689e-02 0.000000000000000000e+00
1.183709858804711003e-02 0.000000000000000000e+00
1.204355364644212056e-02 0.000000000000000000e+00
1.225360956114663301e-02 0.000000000000000000e+00
1.246732913597984813e-02 0.000000000000000000e+00
1.268477627014478158e-02 0.000000000000000000e+00
1.290601597733323329e-02 0.000000000000000000e+00
1.313111440516401447e-02 0.000000000000000000e+00
1.336013885496012410e-02 0.000000000000000000e+00
1.359315780187094098e-02 0.000000000000000000e+00
1.383024091534536780e-02 0.000000000000000000e+00
1.407145907996199333e-02 0.000000000000000000e+00
1.431688441662263417e-02 0.000000000000000000e+00
1.456659030411546624e-02 0.000000000000000000e+00
1.482065140105430674e-02 0.000000000000000000e+00
1.507914366820046342e-02 0.000000000000000000e+00
1.534214439117397195e-02 0.000000000000000000e+00
1.560973220356095918e-02 0.000000000000000000e+00
1.588198711042394448e-02 0.000000000000000000e+00
1.615899051222229391e-02 0.000000000000000000e+00
1.644082522914980596e-02 0.000000000000000000e+00
1.672757552589683797e-02 0.000000000000000000e+00
1.701932713684425197e-02 0.000000000000000000e+00
1.731616729169681637e-02 0.000000000000000000e+00
1.761818474156372216e-02 0.000000000000000000e+00
1.792546978549388811e-02 0.000000000000000000e+00
1.823811429747415266e-02 0.000000000000000000e+00
1.855621175389832178e-02 0.000000000000000000e+00
1.887985726151535440e-02 0.000000000000000000e+00
1.920914758586491494e-02 0.000000000000000000e+00
1.954418118020894921e-02 0.000000000000000000e+00
1.988505821496789824e-02 0.000000000000000000e+00
2.023188060767018917e-02 0.000000000000000000e+00
2.058475205342426284e-02 0.000000000000000000e+00
2.094377805592186406e-02 0.000000000000000000e+00
2.130906595898232961e-02 0.000000000000000000e+00
2.168072497864676623e-02 0.000000000000000000e+00
2.205886623583225292e-02 0.000000000000000000e+00
2.244360278955543145e-02 0.000000000000000000e+00
2.283504967073550843e-02 0.000000000000000000e+00
2.323332391658703908e-02 0.000000000000000000e+00
2.363854460561239101e-02 0.000000000000000000e+00
2.405083289320448722e-02 0.000000000000000000e+00
2.447031204787075004e-02 0.000000000000000000e+00
2.489710748808859550e-02 0.000000000000000000e+00
2.533134681980376765e-02 0.000000000000000000e+00
2.577315987458290297e-02 0.000000000000000000e+00
2.622267874843129190e-02 0.000000000000000000e+00
2.668003784128768902e-02 0.000000000000000000e+00
2.714537389720823521e-02 0.000000000000000000e+00
2.761882604525080220e-02 0.000000000000000000e+00
2.810053584107287394e-02 0.000000000000000000e+00
2.859064730925464648e-02 0.000000000000000000e+00
2.908930698636029780e-02 0.000000000000000000e+00
2.959666396475057679e-02 0.000000000000000000e+00
3.011286993715927424e-02 0.000000000000000000e+00
3.063807924204715871e-02 0.000000000000000000e+00
3.117244890974724125e-02 0.000000000000000000e+00
3.171613870941456664e-02 0.000000000000000000e+00
3.226931119679492255e-02 0.000000000000000000e+00
3.283213176282690632e-02 0.000000000000000000e+00
3.340476868309148750e-02 0.000000000000000000e+00
3.398739316812395689e-02 0.000000000000000000e+00
3.458017941460374278e-02 0.000000000000000000e+00
3.518330465743656904e-02 0.000000000000000000e+00
3.579694922274544860e-02 0.000000000000000000e+00
3.642129658178563933e-02 0.000000000000000000e+00
3.705653340579988936e-02 0.000000000000000000e+00
3.770284962183077099e-02 0.000000000000000000e+00
3.836043846950615982e-02 0.000000000000000000e+00
3.902949655881508134e-02 0.000000000000000000e+00
3.971022392889161923e-02 0.000000000000000000e+00
4.040282410782376071e-02 0.000000000000000000e+00
4.110750417350531732e-02 0.000000000000000000e+00
4.182447481554964902e-02 0.000000000000000000e+00
4.255395039828280962e-02 0.000000000000000000e+00
4.329614902483537586e-02 0.000000000000000000e+00
4.405129260235260413e-02 0.000000000000000000e+00
4.481960690834123351e-02 0.000000000000000000e+00
4.560132165817416816e-02 0.000000000000000000e+00
4.639667057377205861e-02 0.000000000000000000e+00
4.720589145348279975e-02 0.000000000000000000e+00
4.802922624318021333e-02 0.000000000000000000e+00
4.886692110860242633e-02 0.000000000000000000e+00
4.971922650895183732e-02 0.000000000000000000e+00
5.058639727177927786e-02 0.000000000000000000e+00
5.146869266917378921e-02 0.000000000000000000e+00
5.236637649528123190e-02 0.000000000000000000e+00
5.327971714517541063e-02 0.000000000000000000e+00
5.420898769510434922e-02 0.000000000000000000e+00
5.515446598413611956e-02 0.000000000000000000e+00
5.611643469722932959e-02 0.000000000000000000e+00
5.709518144975154336e-02 0.000000000000000000e+00
5.809099887347268093e-02 0.000000000000000000e+00
5.910418470405776753e-02 0.000000000000000000e+00
6.013504187008555241e-02 0.000000000000000000e+00
6.118387858362037135e-02 0.000000000000000000e+00
6.225100843236309328e-02 0.000000000000000000e+00
6.333675047340933673e-02 0.000000000000000000e+00
6.444142932864350970e-02 0.000000000000000000e+00
6.556537528179610941e-02 0.000000000000000000e+00
6.670892437719375123e-02 0.000000000000000000e+00
6.787241852023223609e-02 0.000000000000000000e+00
6.905620557960130690e-02 0.000000000000000000e+00
7.026063949129238151e-02 0.000000000000000000e+00
7.148608036442104241e-02 0.000000000000000000e+00
7.273289458889409254e-02 0.000000000000000000e+00
7.400145494495560805e-02 0.000000000000000000e+00
7.529214071464286617e-02 0.000000000000000000e+00
7.660533779518619024e-02 0.000000000000000000e+00
7.794143881438737875e-02 0.000000000000000000e+00
7.930084324800976137e-02 0.000000000000000000e+00
8.068395753921570046e-02 0.000000000000000000e+00
8.209119522008792580e-02 0.000000000000000000e+00
8.352297703526977146e-02 0.000000000000000000e+00
8.497973106776167407e-02 0.000000000000000000e+00
8.646189286691262355e-02 0.000000000000000000e+00
8.796990557864316218e-02 0.000000000000000000e+00
8.950422007793963630e-02 0.000000000000000000e+00
9.106529510366015434e-02 0.000000000000000000e+00
9.265359739569056785e-02 0.000000000000000000e+00
9.426960183449376030e-02 0.000000000000000000e+00
9.591379158309218389e-02 0.000000000000000000e+00
9.758665823152661012e-02 0.000000000000000000e+00
9.928870194383532244e-02 0.000000000000000000e+00
1.010204316075959813e-01 0.000000000000000000e+00
1.027823649860757083e-01 5.279549583212882099e-20
1.045750288730357414e-01 5.246169201390656027e-20
1.063989592502351950e-01 5.212206620423333689e-20
1.082547014476818864e-01 5.177651685967978283e-20
1.101428103066791481e-01 5.142494066576127733e-20
1.120638503457153518e-01 5.106723250604845004e-20
1.140183959292468546e-01 5.070328543073883308e-20
1.160070314394257979e-01 5.033299062468024286e-20
1.180303514508214136e-01 4.995623737483669559e-20
1.200889609081904202e-01 4.957291303718658265e-20
1.221834753073467866e-01 4.918290300304375305e-20
1.243145208791861384e-01 4.878609066479115124e-20
1.264827347769209021e-01 4.838235738101659206e-20
1.286887652665799076e-01 4.797158244104073620e-20
1.309332719208306239e-01 4.755364302882628256e-20
1.332169258161831071e-01 4.712841418625753789e-20
1.355404097336321001e-01 4.669576877577977726e-20
1.379044183627988196e-01 4.625557744238688191e-20
1.403096585096344218e-01 4.580770857494587333e-20
1.427568493077446266e-01 4.537007633246442040e-20
1.452467224334005602e-01 4.496582263590105930e-20
1.477800223243006528e-01 4.455451820643133193e-20
1.503575064021462071e-01 4.413604006970788603e-20
1.529799452991010000e-01 4.371026310654384967e-20
1.556481230881992528e-01 4.327706001550398934e-20
1.583628375177721093e-01 4.283630127484341104e-20
1.611249002499644256e-01 4.238785510378218878e-20
1.639351371034100113e-01 4.193158742310480412e-20
1.667943883001395122e-01 4.146736181507241992e-20
1.697035087167961809e-01 4.099503948263566236e-20
1.726633681402316989e-01 4.051447920793632562e-20
1.756748515275599609e-01 4.002553731008525174e-20
1.787388592707480628e-01 3.952806760220354847e-20
1.818563074658205159e-01 3.902192134771484898e-20
1.850281281867588168e-01 3.850694721587518017e-20
1.882552697641798889e-01 3.798299123652699421e-20
1.915386970688724988e-01 3.744989675406439931e-20
1.948793918002815484e-01 3.703239432852549113e-20
1.982783527800220935e-01 3.662796749482200224e-20
2.017365962505125732e-01 3.621648690846557784e-20
2.052551561788185930e-01 3.579782954244032107e-20
2.088350845657941102e-01 3.537187022397227919e-20
2.124774517606145552e-01 3.493848159710456235e-20
2.161833467807977027e-01 3.449753408461954785e-20
2.199538776378043292e-01 3.404889584929714424e-20
2.237901716683175779e-01 3.359243275449736094e-20
2.276933758713024780e-01 3.312800832405513430e-20
2.316646572509420965e-01 3.265548370147594469e-20
2.357052031655549607e-01 3.217471760841970639e-20
2.398162216826005277e-01 3.168556630246029694e-20
2.439989419398726767e-01 3.118788353410878558e-20
2.482546145129967130e-01 3.068152050308666238e-20
2.525845117893334990e-01 3.016632581383667596e-20
2.569899283484047836e-01 2.964214543025776819e-20
2.614721813489563895e-01 2.910882262965020314e-20
2.660326109227696412e-01 2.856619795585772762e-20
2.706725805753413261e-01 2.801410917159251152e-20
2.753934775935548140e-01 2.745239120992821882e-20
2.801967134604587684e-01 2.688087612494736665e-20
2.850837242772802926e-01 2.629939304152793814e-20
2.900559711928011319e-01 2.570776810425385959e-20
2.951149408402199970e-01 2.510582442543472906e-20
3.002621457816345707e-01 2.449338203221897660e-20
3.054991249602788672e-01 2.387025781278415803e-20
3.108274441606433958e-01 2.323626546158939905e-20
3.162486964766254016e-01 2.259121542367231321e-20
3.217645027878410224e-01 2.193491483797481197e-20
3.273765122442449105e-01 2.126716747968041605e-20
3.330864027592052579e-01 2.058777370154551826e-20
3.388958815111757783e-01 1.989653037420773364e-20
3.448066854541175230e-01 1.919323082545312211e-20
3.508205818368259621e-01 1.847766477842385769e-20
3.569393687313133778e-01 1.774961828874839705e-20
3.631648755704060538e-01 1.700887368057525832e-20
3.694989636947219047e-01 1.625520948149066335e-20
3.759435269091844223e-01 1.548840035630146107e-20
3.825004920492430793e-01 1.470821703966317305e-20
3.891718195569731642e-01 1.391442626753249653e-20
3.959595040672179156e-01 1.310679070742492745e-20
4.028655750039595307e-01 1.236514624603188894e-20
4.098920971870876340e-01 1.217914052457521050e-20
4.170411714497507805e-01 1.198989061098822444e-20
4.243149352664790097e-01 1.179733992215887436e-20
4.317155633922581393e-01 1.160143088808886300e-20
4.392452685127498646e-01 1.140210493468105511e-20
4.469063019058571729e-01 1.119930246622656163e-20
4.547009541148238077e-01 1.099296284758647968e-20
4.626315556330740097e-01 1.078302438606285072e-20
4.707004776010001446e-01 1.056942431295334183e-20
4.789101325149001664e-01 1.035209876478428621e-20
4.872629749482788042e-01 1.013098276421643739e-20
4.957615022857347897e-01 9.906010200617545191e-21
5.044082554696402987e-01 9.677113810296298918e-21
5.132058197598513560e-01 9.444225156391314018e-21
5.221568255066629805e-01 9.207274608409500143e-21
5.312639489372465995e-01 8.966191321407536344e-21
5.405299129558075455e-01 8.720903214810145975e-21
5.499574879576948350e-01 8.471336950859017352e-21
5.595494926577090355e-01 8.217417912685895730e-21
5.693087949328626829e-01 7.959070182003057708e-21
5.792383126798341664e-01 7.696216516404851596e-21
5.893410146873767630e-01 7.428778326273325274e-21
5.996199215239490510e-01 7.156675651280922415e-21
6.100781064408214993e-01 6.879827136483491290e-21
6.207186962909342354e-01 6.598150007996333486e-21
6.315448724637872102e-01 6.311560048245840876e-21
6.425598718366269946e-01 6.019971570789726528e-21
6.537669877422322973e-01 5.723297394697862220e-21
6.651695709535738743e-01 5.446356218765906713e-21
6.767710306856467017e-01 5.386309835345705244e-21
6.885748356147826099e-01 5.325216161535614745e-21
7.005845149157342577e-01 5.263056931170406981e-21
7.128036593168480817e-01 5.199813559498161037e-21
7.252359221736464079e-01 5.135467137623656000e-21
7.378850205611281465e-01 5.069998426854888622e-21
7.507547363851208022e-01 5.003387852950976597e-21
7.638489175130227515e-01 4.935615500269709600e-21
7.771714789242599730e-01 4.866661105813056134e-21
7.907264038808085038e-01 4.796504053168825138e-21
8.045177451181405592e-01 4.728249677373263401e-21
8.185496260569299354e-01 4.673047551088564609e-21
8.328262420359033857e-01 4.616882624830472025e-21
8.473518615661871367e-01 4.559738106061245110e-21
8.621308276075293486e-01 4.501596909358514626e-21
8.771675588667912082e-01 4.442441651306955082e-21
8.924665511190759126e-01 4.382254645300894200e-21
9.080323785519013313e-01 4.321017896256272774e-21
9.238696951328239093e-01 4.258713095230341198e-21
9.399832360009082732e-01 4.195321613947548158e-21
9.563778188824652027e-01 4.130824499229958125e-21
9.730583455314916197e-01 4.065202467330485360e-21
9.900298031952240452e-01 3.998435898167335241e-21
1.007297266105253941e+00 3.930504829457878196e-21
1.024865896994660019e+00 3.861388950750178506e-21
1.042740948641585286e+00 3.791067597350481523e-21
1.060927765439753312e+00 3.719519744144725084e-21
1.079431784996365273e+00 3.646723999312332757e-21
1.098258539757864805e+00 3.572658597930369769e-21
1.117413658664071274e+00 3.497301395466103332e-21
1.136902868831150437e+00 3.420629861156109887e-21
1.156731997263941158e+00 3.342621071269893894e-21
1.176906972598154688e+00 3.263251702255990284e-21
1.197433826872952967e+00 3.182498023768551298e-21
1.218318697334440204e+00 3.100335891572320253e-21
1.239567828270622840e+00 3.016740740323805254e-21
1.261187572878361474e+00 2.931687576226598648e-21
1.283184395162885849e+00 2.875024944333097864e-21
1.305564871870450450e+00 2.846758186193818701e-21
1.328335694454682914e+00 2.817998417443970033e-21
1.351503671077243451e+00 2.788737039309650210e-21
1.375075728643368356e+00 2.758965303042674286e-21
1.399058914872914228e+00 2.728674307304825629e-21
1.423460400407538184e+00 2.697854995506467114e-21
1.448287480954615569e+00 2.666498153098752464e-21
1.473547579468551971e+00 2.634594404818606783e-21
1.499248248370153025e+00 2.602134211885643105e-21
1.525397171804689034e+00 2.569107869150203577e-21
1.552002167939343868e+00 2.535505502191659367e-21
1.579071191300750465e+00 2.501317064366081180e-21
1.606612335153271287e+00 2.466532333802448330e-21
1.634633833918783807e+00 2.431140910346435647e-21
1.663144065638655134e+00 2.395132212450916074e-21
1.692151554478654285e+00 2.358495474012232541e-21
1.721664973277570843e+00 2.321219741151267869e-21
1.751693146140269830e+00 2.283293868938390738e-21
1.782245051075970199e+00 2.244706518061285057e-21
1.813329822682558268e+00 2.213939692824069353e-21
1.844956754877699279e+00 2.197704092151765261e-21
1.877135303677586187e+00 2.181185320577407806e-21
1.909875090024168331e+00 2.164378439216295627e-21
1.943185902661675790e+00 2.147278423042877292e-21
1.977077701063311377e+00 2.129880159388341242e-21
2.011560618409008683e+00 2.112178446411992783e-21
2.046644964615105255e+00 2.094167991545979140e-21
2.082341229416869055e+00 2.075843409912882596e-21
2.118660085504771917e+00 2.057199222715723179e-21
2.155612391715497456e+00 2.038229855599862711e-21
2.193209196278570694e+00 2.018929636986357695e-21
2.231461740119625947e+00 1.999292796376233296e-21
2.270381460221297498e+00 1.979313462625181879e-21
2.309979993042698077e+00 1.958985662188180560e-21
2.350269177998588699e+00 1.938303317333469914e-21
2.391261060999180010e+00 1.917260244325406720e-21
2.432967898051700661e+00 1.895850151575606955e-21
2.475402158924771445e+00 1.874066637761851645e-21
2.518576530876701636e+00 1.851903189914172919e-21
2.562503922448780891e+00 1.829353181467580850e-21
2.607197467324788409e+00 1.806409870280792363e-21
2.652670528257760729e+00 1.783066396620437476e-21
2.698936701065275834e+00 1.759315781110089483e-21
2.746009818694416182e+00 1.735150922643527756e-21
2.793903955357632807e+00 1.710564596261602357e-21
2.842633430740719280e+00 1.685549450992083552e-21
2.892212814284234490e+00 1.660098007651802596e-21
2.942656929539539057e+00 1.634202656610494722e-21
2.993980858600841177e+00 1.607855655515617789e-21
3.046199946614539300e+00 1.598898002379770318e-21
3.099329806367185025e+00 1.599352286211585172e-21
3.153386322953527277e+00 1.599814493369739561e-21
3.208385658525911843e+00 1.600284762047794020e-21
3.264344257126547966e+00 1.600763232849592353e-21
3.321278849604050176e+00 1.601250048831300510e-21
3.379206458615738651e+00 1.601745355544177653e-21
3.438144403717149800e+00 1.602249301078094275e-21
3.498110306540386460e+00 1.602762036105809589e-21
3.559122096062715013e+00 1.603283713928019673e-21
3.621198013967089846e+00 1.603814490519192909e-21
3.684356620096170598e+00 1.604354524574204381e-21
3.748616798001429995e+00 1.604903977555782214e-21
3.813997760589119768e+00 1.605463013742784470e-21
3.880519055864635192e+00 1.606031800279314872e-21
3.948200572777105233e+00 1.606610507224697115e-21
4.017062547165914488e+00 1.607199307604320358e-21
4.087125567810948823e+00 1.607798377461371127e-21
4.158410582588321525e+00 1.608407895909468197e-21
4.230938904733549499e+00 1.609028045186214535e-21
4.304732219213884825e+00 1.609659010707684382e-21
4.379812589211826257e+00 1.610300981123859756e-21
4.456202462721709168e+00 1.610954148375034426e-21
4.533924679261353674e+00 1.611618707749200990e-21
4.613002476700726717e+00 1.612294857940439649e-21
4.693459498209804792e+00 1.612982801108325436e-21
4.775319799327512271e+00 1.613682742938369878e-21
4.858607855154009059e+00 1.617748163422340716e-21
4.943348567668416571e+00 1.623492506463941095e-21
5.029567273174125219e+00 1.629337038641356065e-21
5.117289749874061044e+00 1.635283507389038077e-21
5.206542225577969418e+00 1.641333690619066922e-21
5.297351385544181390e+00 1.647489397252720683e-21
5.389744380458136419e+00 1.653752467761318996e-21
5.483748834550072893e+00 1.660124774716499041e-21
5.579392853854248102e+00 1.666608223350085063e-21
5.676705034612322898e+00 1.673204752123731626e-21
5.775714471823193641e+00 1.679916333308493856e-21
5.876450767942012376e+00 1.686744973574509388e-21
5.978944041730922088e+00 1.693692714590966920e-21
6.083224937264099630e+00 1.700761633636532157e-21
6.189324633089987593e+00 1.707953844220432190e-21
6.297274851553200214e+00 1.715271496714361764e-21
6.407107868279078744e+00 1.722716778995413993e-21
6.518856521823656713e+00 1.730291917100228475e-21
6.632554223491951007e+00 1.737999175890543789e-21
6.748234967327423561e+00 1.745840859730356716e-21
6.865933340275813812e+00 1.749079937917726743e-21
6.985684532526106771e+00 1.748320396634396848e-21
7.107524348031922123e+00 1.747547607920640164e-21
7.231489215216405420e+00 1.746761340723297283e-21
7.357616197863838359e+00 1.745961359959328659e-21
7.485943006201139838e+00 1.745147426445527567e-21
7.616508008172789168e+00 1.744319296827008294e-21
7.749350240912257881e+00 1.743476723504444357e-21
7.884509422413581881e+00 1.738520092891890592e-21
8.022025963406518301e+00 1.730815560983486804e-21
8.161940979438721655e+00 1.722976651586105270e-21
8.304296303168831273e+00 1.715001020974031228e-21
8.449134496873783817e+00 1.706886284543795560e-21
8.596498865174375226e+00 1.698630016101208686e-21
8.746433467982733134e+00 1.690229747135963377e-21
8.898983133675649526e+00 1.681802215553040241e-21
9.054193472497566120e+00 1.673297212089455886e-21
9.212110890197523716e+00 1.664643869826995973e-21
9.372782601903763222e+00 1.655839601535761338e-21
9.536256646240421020e+00 1.646881774861053355e-21
9.702581899690423839e+00 1.637767711536335892e-21
9.871808091208817970e+00 1.518370795894277649e-21
1.004398581709114424e+01 1.237321661799337959e-21
1.021916655610096747e+01 9.513706495152555271e-22
1.039740268486132102e+01 6.604322636361937542e-22
1.057874749351460864e+01 3.644195176004381297e-22
1.076325520165562999e+01 6.324390768260008171e-23
1.095098097454241604e+01 1.018327207547235323e-30
1.114198093959000069e+01 1.018323705836207313e-30
1.133631220315166210e+01 1.018320143050588190e-30
1.153403286759295376e+01 1.018316518125154475e-30
1.173520204866350980e+01 1.018312829976103227e-30
1.193987989317186482e+01 1.018309077500729036e-30
1.214812759696841660e+01 1.018305259577093497e-30
1.236000742324229229e+01 1.018301375063690124e-30
1.257558272113708320e+01 1.018297422799102955e-30
1.279491794469138632e+01 1.018293401601659385e-30
1.301807867210970571e+01 1.018289310269077037e-30
1.324513162536931610e+01 1.018285147578103800e-30
1.347614469016937733e+01 1.018280912284152797e-30
1.371118693622771190e+01 1.018276603120929111e-30
1.395032863793172950e+01 1.018272218800053008e-30
1.419364129534949193e+01 1.018267758010672484e-30
1.444119765560728297e+01 1.018263219419073525e-30
1.469307173463987048e+01 1.018258601668279684e-30
1.494933883932042917e+01 1.018253903377647112e-30
1.521007558997614062e+01 1.018249123142452046e-30
1.547535994329663822e+01 1.018244259533469894e-30
1.574527121564201870e+01 1.018239311096548893e-30
1.601989010675720593e+01 1.018234276352174477e-30
1.629929872390026091e+01 1.018229153795027694e-30
1.658358060639117326e+01 1.018223941893534691e-30
1.687282075058901754e+01 1.018218639089408834e-30
1.716710563530468292e+01 1.018213243797184959e-30
1.746652324765687680e+01 1.018207754403745026e-30
1.777116310937891797e+01 1.018202169267836075e-30
1.808111630358471089e+01 1.018196486719579946e-30
1.839647550200120563e+01 1.018190705059972667e-30
1.871733499267599399e+01 1.018184822560378058e-30
1.904379070816813524e+01 1.018178837462010125e-30
1.937594025423069866e+01 1.018172747975406702e-30
1.971388293899340383e+01 1.018166552279895550e-30
2.005771980265458510e+01 1.018160248523049083e-30
2.040755364769067626e+01 1.018153834820131200e-30
2.076348906959277585e+01 1.018147309253533091e-30
2.112563248813928851e+01 1.018140669872200455e-30
2.149409217921379778e+01 1.018133914691050033e-30
2.186897830717832392e+01 1.018127041690375811e-30
2.225040295781077404e+01 1.018120048815245407e-30
2.263848017181708272e+01 1.018112933974885779e-30
2.303332597892781664e+01 1.018105695042057721e-30
2.343505843258950350e+01 1.018098329852420370e-30
2.384379764526078915e+01 1.018090836203883463e-30
2.425966582432469920e+01 1.018083211855949771e-30
2.468278730862676795e+01 1.018075454529044404e-30
2.511328860565068055e+01 1.018067561903833785e-30
2.555129842934231377e+01 1.018059531620531648e-30
2.599694773859323149e+01 1.018051361278194368e-30
2.645036977639589537e+01 1.018043048434002443e-30
2.691170010968125581e+01 1.018034590602529888e-30
2.738107666985147048e+01 1.018025985255001902e-30
2.785863979401947788e+01 1.018017229818538517e-30
2.834453226696790651e+01 1.018008321675384931e-30
2.883889936383953767e+01 1.017999258162129412e-30
2.934188889357290719e+01 1.017990036568906482e-30
2.985365124309490525e+01 1.017980654138587143e-30
3.037433942228445716e+01 1.017971108065954040e-30
3.090410910972035552e+01 1.017961395496863479e-30
3.144311869922707814e+01 1.017951513527391341e-30
3.199152934723209540e+01 1.017941459202964974e-30
3.254950502094980180e+01 1.017931229517480201e-30
3.311721254740520237e+01 1.017920821412402213e-30
3.369482166331292916e+01 1.017910231775851394e-30
3.428250506582628532e+01 1.017899457441672514e-30
3.488043846417100013e+01 1.017888495188488320e-30
3.548880063218029335e+01 1.017877341738736497e-30
3.610777346174548796e+01 1.017865993757689464e-30
3.673754201719927437e+01 1.017854447852457515e-30
3.737829459064737136e+01 1.017842700570974290e-30
3.803022275826535292e+01 1.017830748400964887e-30
3.869352143757696183e+01 1.017818587768895240e-30
3.936838894573222802e+01 1.017806215038904505e-30
4.005502705880125092e+01 1.017793626511717128e-30
4.075364107210253906e+01 1.017780818423537044e-30
4.146443986158354988e+01 1.017767786944922609e-30
4.218763594627139213e+01 1.017754528179641915e-30
4.292344555181357890e+01 1.017741038163506911e-30
4.367208867512618298e+01 1.017727312863189130e-30
4.443378915016993602e+01 1.017713348175012993e-30
4.520877471487354171e+01 1.017699139923729851e-30
4.599727707922422582e+01 1.017684683861268203e-30
4.679953199454545398e+01 1.017669975665465168e-30
4.761577932398390089e+01 1.017655010938773261e-30
4.844626311422484122e+01 1.017639785206945627e-30
4.929123166845882764e+01 1.017624293917698677e-30
5.015093762062092964e+01 1.017608532439350724e-30
5.102563801092487950e+01 1.017592496059437154e-30
5.191559436271413830e+01 1.017576179983301939e-30
5.282107276065440260e+01 1.017559579332663416e-30
5.374234393028881840e+01 1.017542689144156230e-30
5.467968331898128298e+01 1.017525504367847011e-30
5.563337117827153833e+01 1.017508019865725002e-30
5.660369264766603692e+01 1.017490230410165181e-30
5.759093783989139581e+01 1.017472130682365991e-30
5.859540192763368793e+01 1.017453715270758866e-30
5.961738523179104021e+01 1.017434978669389555e-30
6.065719331126551594e+01 1.017415915276273000e-30
6.171513705432108310e+01 1.017396519391717730e-30
6.279153277153442048e+01 1.017376785216622060e-30
6.388670229036818426e+01 1.017356706850739984e-30
6.500097305139246373e+01 1.017336278290917287e-30
6.613467820618511439e+01 1.017315493429296486e-30
6.728815671693962486e+01 1.017294346051490938e-30
6.846175345780957855e+01 1.017272829834726364e-30
6.965581931802209681e+01 1.017250938345951025e-30
7.087071130678833697e+01 1.017228665039912093e-30
7.210679266004441956e+01 1.017206003257198205e-30
7.336443294905400592e+01 1.017182946222249276e-30
7.464400819090509742e+01 1.017159487041330216e-30
7.594590096093342879e+01 1.017135618700469448e-30
7.727050050710802509e+01 1.017111334063362741e-30
7.861820286641047062e+01 1.017086625869238503e-30
7.998941098324456789e+01 1.017061486730688049e-30
8.138453482991118904e+01 1.017035909131455755e-30
8.280399152918450056e+01 1.017009885424192595e-30
8.424820547902524481e+01 1.016983407828169229e-30
8.571760847947086859e+01 1.016956468426949842e-30
8.721263986173711658e+01 1.016929059166025355e-30
8.873374661957214471e+01 1.016901171850405115e-30
9.028138354290172174e+01 1.016872798142166553e-30
9.185601335380432886e+01 1.016843929557962445e-30
9.345810684485984154e+01 1.016814557466484918e-30
9.508814301990922502e+01 1.016784673085883724e-30
9.674660923727029171e+01 1.016754267481141793e-30
9.843400135545110174e+01 1.016723331561402776e-30
1.001508238814050316e+02 1.016691856077253575e-30
1.018975901213705271e+02 1.016659831617959237e-30
1.036748223343438582e+02 1.016627248608648091e-30
1.054830518882265125e+02 1.016594097307450298e-30
1.073228194186970512e+02 1.016560367802584202e-30
1.091946749908539971e+02 1.016526050009393458e-30
1.110991782636767198e+02 1.016491133667331613e-30
1.130368986573571846e+02 1.016455608336894315e-30
1.150084155235477681e+02 1.016419463396498270e-30
1.170143183185796687e+02 1.016382688039304847e-30
1.190552067797021607e+02 1.016345271269989914e-30
1.211316911043960971e+02 1.016307201901456211e-30
1.232443921328134309e+02 1.016268468551487581e-30
1.253939415334014313e+02 1.016229059639347137e-30
1.275809819917617602e+02 1.016188963382314308e-30
1.298061674028049310e+02 1.016148167792161447e-30
1.320701630662560433e+02 1.016106660671570182e-30
1.343736458855692035e+02 1.016064429610484370e-30
1.367173045703138712e+02 1.016021461982399625e-30
1.391018398420885660e+02 1.015977744940588401e-30
1.415279646440270369e+02 1.015933265414258328e-30
1.439964043539585532e+02 1.015888010104645222e-30
1.465078970012860964e+02 1.015841965481035843e-30
1.490631934876458615e+02 1.015795117776723579e-30
1.516630578114181276e+02 1.015747452984891251e-30
1.543082672961511719e+02 1.015698956854424036e-30
1.569996128229705050e+02 1.015649614885648292e-30
1.597378990670413828e+02 1.015599412325996292e-30
1.625239447381560751e+02 1.015548334165595812e-30
1.653585828255152421e+02 1.015496365132781947e-30
1.682426608467822859e+02 1.015443489689530803e-30
1.711770411014782098e+02 1.015389692026815072e-30
1.741626009287974739e+02 1.015334956059876049e-30
1.772002329699206769e+02 1.015279265423414901e-30
1.802908454349006035e+02 1.015222603466700209e-30
1.834353623742065338e+02 1.015164953248588802e-30
1.866347239550011921e+02 1.015106297532461471e-30
1.898898867422381898e+02 1.015046618781068458e-30
1.932018239846616154e+02 1.014985899151286682e-30
1.965715259057944309e+02 1.014924120488785340e-30
2.000000000000000284e+02 1.014861264322596755e-30
