Table VIIIa. Energies are in eV and Cross Sections are in Angstrom^2.

Energy         	v=0         	Energy         	v=1         	Energy         	v=2         	Energy         	v=3         	Energy         	v=4
6.58         	1.96(-05)	4.06         	1.44(-27)	3.58         	4.18(-24)	3.12         	6.33(-21)	2.70         	5.52(-18)
7.58         	1.99(-03)	5.06         	1.53(-07)	4.58         	9.10(-06)	4.12         	2.49(-04)	3.70         	3.31(-03)
8.58         	2.44(-02)	6.06         	8.18(-04)	5.58         	1.09(-02)	5.12         	5.59(-02)	4.70         	1.12(-01)
9.58         	1.01(-01)	7.06         	2.90(-02)	6.58         	1.15(-01)	6.12         	1.59(-01)	5.70         	1.77(-01)
10.58         	2.28(-01)	8.06         	1.39(-01)	7.58         	1.99(-01)	7.12         	2.19(-01)	6.70         	2.45(-01)
11.58         	3.57(-01)	9.06         	2.43(-01)	8.58         	2.42(-01)	8.12         	2.86(-01)	7.70         	3.08(-01)
12.58         	4.53(-01)	10.06         	2.77(-01)	9.58         	3.22(-01)	9.12         	3.25(-01)	8.70         	3.53(-01)
13.58         	5.13(-01)	11.06         	3.15(-01)	10.58         	3.62(-01)	10.12         	3.88(-01)	9.70         	3.94(-01)
14.58         	5.47(-01)	12.06         	3.89(-01)	11.58         	3.87(-01)	11.12         	4.21(-01)	10.70         	4.45(-01)
15.58         	5.18(-01)	13.06         	4.69(-01)	12.58         	4.38(-01)	12.12         	4.43(-01)	11.70         	4.67(-01)
16.58         	4.57(-01)	14.06         	5.28(-01)	13.58         	5.01(-01)	13.12         	4.85(-01)	12.70         	4.88(-01)
17.58         	4.04(-01)	15.06         	5.58(-01)	14.58         	5.51(-01)	14.12         	5.35(-01)	13.70         	5.26(-01)
18.58         	3.59(-01)	16.06         	4.98(-01)	15.58         	5.34(-01)	15.12         	5.65(-01)	14.70         	5.67(-01)
19.58         	3.21(-01)	17.06         	4.42(-01)	16.58         	4.78(-01)	16.12         	5.12(-01)	15.70         	5.42(-01)
20.58         	2.87(-01)	18.06         	3.93(-01)	17.58         	4.26(-01)	17.12         	4.58(-01)	16.70         	4.89(-01)
21.58         	2.59(-01)	19.06         	3.50(-01)	18.58         	3.80(-01)	18.12         	4.09(-01)	17.70         	4.38(-01)
22.58         	2.34(-01)	20.06         	3.14(-01)	19.58         	3.40(-01)	19.12         	3.66(-01)	18.70         	3.92(-01)
23.58         	2.12(-01)	21.06         	2.82(-01)	20.58         	3.05(-01)	20.12         	3.28(-01)	19.70         	3.51(-01)
24.58         	1.93(-01)	22.06         	2.54(-01)	21.58         	2.75(-01)	21.12         	2.95(-01)	20.70         	3.16(-01)
25.58         	1.76(-01)	23.06         	2.30(-01)	22.58         	2.49(-01)	22.12         	2.67(-01)	21.70         	2.85(-01)
26.58         	1.61(-01)	24.06         	2.09(-01)	23.58         	2.26(-01)	23.12         	2.42(-01)	22.70         	2.58(-01)
27.58         	1.48(-01)	25.06         	1.91(-01)	24.58         	2.05(-01)	24.12         	2.20(-01)	23.70         	2.34(-01)
28.58         	1.36(-01)	26.06         	1.74(-01)	25.58         	1.88(-01)	25.12         	2.01(-01)	24.70         	2.14(-01)
29.58         	1.25(-01)	27.06         	1.60(-01)	26.58         	1.72(-01)	26.12         	1.84(-01)	25.70         	1.95(-01)
30.58         	1.16(-01)	28.06         	1.47(-01)	27.58         	1.58(-01)	27.12         	1.68(-01)	26.70         	1.79(-01)
31.58         	1.07(-01)	29.06         	1.35(-01)	28.58         	1.45(-01)	28.12         	1.55(-01)	27.70         	1.64(-01)
32.58         	9.94(-02)	30.06         	1.25(-01)	29.58         	1.34(-01)	29.12         	1.43(-01)	28.70         	1.51(-01)
33.58         	9.24(-02)	31.06         	1.15(-01)	30.58         	1.24(-01)	30.12         	1.32(-01)	29.70         	1.40(-01)
34.58         	8.60(-02)	32.06         	1.07(-01)	31.58         	1.15(-01)	31.12         	1.22(-01)	30.70         	1.29(-01)
35.58         	8.02(-02)	33.06         	9.94(-02)	32.58         	1.06(-01)	32.12         	1.13(-01)	31.70         	1.20(-01)
36.58         	7.49(-02)	34.06         	9.25(-02)	33.58         	9.89(-02)	33.12         	1.05(-01)	32.70         	1.11(-01)
37.58         	7.01(-02)	35.06         	8.62(-02)	34.58         	9.22(-02)	34.12         	9.80(-02)	33.70         	1.04(-01)
38.58         	6.57(-02)	36.06         	8.05(-02)	35.58         	8.60(-02)	35.12         	9.14(-02)	34.70         	9.66(-02)
39.58         	6.16(-02)	37.06         	7.53(-02)	36.58         	8.04(-02)	36.12         	8.53(-02)	35.70         	9.02(-02)
40.58         	5.79(-02)	38.06         	7.05(-02)	37.58         	7.52(-02)	37.12         	7.98(-02)	36.70         	8.43(-02)
41.58         	5.45(-02)	39.06         	6.61(-02)	38.58         	7.05(-02)	38.12         	7.48(-02)	37.70         	7.90(-02)
42.58         	5.13(-02)	40.06         	6.21(-02)	39.58         	6.62(-02)	39.12         	7.02(-02)	38.70         	7.41(-02)
43.58         	4.84(-02)	41.06         	5.84(-02)	40.58         	6.22(-02)	40.12         	6.60(-02)	39.70         	6.95(-02)
44.58         	4.57(-02)	42.06         	5.50(-02)	41.58         	5.86(-02)	41.12         	6.20(-02)	40.70         	6.54(-02)
45.58         	4.32(-02)	43.06         	5.18(-02)	42.58         	5.52(-02)	42.12         	5.84(-02)	41.70         	6.16(-02)
46.58         	4.09(-02)	44.06         	4.89(-02)	43.58         	5.21(-02)	43.12         	5.51(-02)	42.70         	5.81(-02)
47.58         	3.87(-02)	45.06         	4.62(-02)	44.58         	4.92(-02)	44.12         	5.20(-02)	43.70         	5.48(-02)
48.58         	3.67(-02)	46.06         	4.37(-02)	45.58         	4.65(-02)	45.12         	4.92(-02)	44.70         	5.18(-02)
49.58         	3.48(-02)	47.06         	4.14(-02)	46.58         	4.40(-02)	46.12         	4.65(-02)	45.70         	4.90(-02)
50.58         	3.31(-02)	48.06         	3.92(-02)	47.58         	4.17(-02)	47.12         	4.41(-02)	46.70         	4.64(-02)
51.58         	3.15(-02)	49.06         	3.72(-02)	48.58         	3.95(-02)	48.12         	4.18(-02)	47.70         	4.39(-02)
52.58         	2.99(-02)	50.06         	3.53(-02)	49.58         	3.75(-02)	49.12         	3.97(-02)	48.70         	4.17(-02)
53.58         	2.85(-02)	51.06         	3.36(-02)	50.58         	3.57(-02)	50.12         	3.77(-02)	49.70         	3.96(-02)
54.58         	2.72(-02)	52.06         	3.19(-02)	51.58         	3.39(-02)	51.12         	3.58(-02)	50.70         	3.76(-02)
55.58         	2.59(-02)	53.06         	3.04(-02)	52.58         	3.23(-02)	52.12         	3.41(-02)	51.70         	3.58(-02)
56.58         	2.47(-02)	54.06         	2.90(-02)	53.58         	3.07(-02)	53.12         	3.24(-02)	52.70         	3.41(-02)
57.58         	2.36(-02)	55.06         	2.76(-02)	54.58         	2.93(-02)	54.12         	3.09(-02)	53.70         	3.25(-02)
58.58         	2.26(-02)	56.06         	2.64(-02)	55.58         	2.80(-02)	55.12         	2.95(-02)	54.70         	3.10(-02)
59.58         	2.16(-02)	57.06         	2.52(-02)	56.58         	2.67(-02)	56.12         	2.81(-02)	55.70         	2.95(-02)
60.58         	2.07(-02)	58.06         	2.41(-02)	57.58         	2.55(-02)	57.12         	2.69(-02)	56.70         	2.82(-02)
61.58         	1.98(-02)	59.06         	2.30(-02)	58.58         	2.44(-02)	58.12         	2.57(-02)	57.70         	2.70(-02)
62.58         	1.90(-02)	60.06         	2.20(-02)	59.58         	2.33(-02)	59.12         	2.46(-02)	58.70         	2.58(-02)
63.58         	1.82(-02)	61.06         	2.11(-02)	60.58         	2.23(-02)	60.12         	2.35(-02)	59.70         	2.47(-02)
64.58         	1.74(-02)	62.06         	2.02(-02)	61.58         	2.14(-02)	61.12         	2.25(-02)	60.70         	2.36(-02)
65.58         	1.68(-02)	63.06         	1.94(-02)	62.58         	2.05(-02)	62.12         	2.16(-02)	61.70         	2.26(-02)
66.58         	1.61(-02)	64.06         	1.86(-02)	63.58         	1.97(-02)	63.12         	2.07(-02)	62.70         	2.17(-02)
67.58         	1.55(-02)	65.06         	1.78(-02)	64.58         	1.89(-02)	64.12         	1.99(-02)	63.70         	2.08(-02)
68.58         	1.49(-02)	66.06         	1.71(-02)	65.58         	1.81(-02)	65.12         	1.91(-02)	64.70         	2.00(-02)
69.58         	1.43(-02)	67.06         	1.64(-02)	66.58         	1.74(-02)	66.12         	1.83(-02)	65.70         	1.92(-02)
70.58         	1.38(-02)	68.06         	1.58(-02)	67.58         	1.67(-02)	67.12         	1.76(-02)	66.70         	1.84(-02)
71.58         	1.33(-02)	69.06         	1.52(-02)	68.58         	1.61(-02)	68.12         	1.69(-02)	67.70         	1.77(-02)
72.58         	1.28(-02)	70.06         	1.46(-02)	69.58         	1.55(-02)	69.12         	1.63(-02)	68.70         	1.70(-02)
73.58         	1.23(-02)	71.06         	1.41(-02)	70.58         	1.49(-02)	70.12         	1.57(-02)	69.70         	1.64(-02)
74.58         	1.19(-02)	72.06         	1.36(-02)	71.58         	1.43(-02)	71.12         	1.51(-02)	70.70         	1.58(-02)
75.58         	1.15(-02)	73.06         	1.31(-02)	72.58         	1.38(-02)	72.12         	1.45(-02)	71.70         	1.52(-02)
76.58         	1.11(-02)	74.06         	1.26(-02)	73.58         	1.33(-02)	73.12         	1.40(-02)	72.70         	1.47(-02)
77.58         	1.07(-02)	75.06         	1.22(-02)	74.58         	1.29(-02)	74.12         	1.35(-02)	73.70         	1.41(-02)
78.58         	1.03(-02)	76.06         	1.17(-02)	75.58         	1.24(-02)	75.12         	1.30(-02)	74.70         	1.36(-02)
79.58         	9.96(-03)	77.06         	1.13(-02)	76.58         	1.20(-02)	76.12         	1.26(-02)	75.70         	1.32(-02)
80.58         	9.63(-03)	78.06         	1.09(-02)	77.58         	1.16(-02)	77.12         	1.21(-02)	76.70         	1.27(-02)
81.58         	9.31(-03)	79.06         	1.06(-02)	78.58         	1.12(-02)	78.12         	1.17(-02)	77.70         	1.23(-02)
82.58         	9.01(-03)	80.06         	1.02(-02)	79.58         	1.08(-02)	79.12         	1.13(-02)	78.70         	1.19(-02)
83.58         	8.72(-03)	81.06         	9.88(-03)	80.58         	1.04(-02)	80.12         	1.10(-02)	79.70         	1.15(-02)
84.58         	8.44(-03)	82.06         	9.56(-03)	81.58         	1.01(-02)	81.12         	1.06(-02)	80.70         	1.11(-02)
85.58         	8.17(-03)	83.06         	9.25(-03)	82.58         	9.76(-03)	82.12         	1.03(-02)	81.70         	1.07(-02)
86.58         	7.92(-03)	84.06         	8.95(-03)	83.58         	9.45(-03)	83.12         	9.92(-03)	82.70         	1.04(-02)
87.58         	7.67(-03)	85.06         	8.67(-03)	84.58         	9.15(-03)	84.12         	9.60(-03)	83.70         	1.00(-02)
88.58         	7.44(-03)	86.06         	8.40(-03)	85.58         	8.86(-03)	85.12         	9.30(-03)	84.70         	9.72(-03)
89.58         	7.21(-03)	87.06         	8.14(-03)	86.58         	8.58(-03)	86.12         	9.01(-03)	85.70         	9.42(-03)
90.58         	7.00(-03)	88.06         	7.89(-03)	87.58         	8.32(-03)	87.12         	8.73(-03)	86.70         	9.12(-03)
91.58         	6.79(-03)	89.06         	7.65(-03)	88.58         	8.07(-03)	88.12         	8.46(-03)	87.70         	8.84(-03)
92.58         	6.59(-03)	90.06         	7.42(-03)	89.58         	7.82(-03)	89.12         	8.21(-03)	88.70         	8.58(-03)
93.58         	6.40(-03)	91.06         	7.20(-03)	90.58         	7.59(-03)	90.12         	7.96(-03)	89.70         	8.32(-03)
94.58         	6.21(-03)	92.06         	6.99(-03)	91.58         	7.36(-03)	91.12         	7.73(-03)	90.70         	8.07(-03)
95.58         	6.04(-03)	93.06         	6.78(-03)	92.58         	7.15(-03)	92.12         	7.50(-03)	91.70         	7.83(-03)
96.58         	5.87(-03)	94.06         	6.59(-03)	93.58         	6.94(-03)	93.12         	7.28(-03)	92.70         	7.60(-03)
97.58         	5.70(-03)	95.06         	6.40(-03)	94.58         	6.74(-03)	94.12         	7.07(-03)	93.70         	7.38(-03)
98.58         	5.54(-03)	96.06         	6.22(-03)	95.58         	6.55(-03)	95.12         	6.87(-03)	94.70         	7.17(-03)
99.58         	5.39(-03)	97.06         	6.04(-03)	96.58         	6.37(-03)	96.12         	6.68(-03)	95.70         	6.97(-03)
         	         	98.06         	5.87(-03)	97.58         	6.19(-03)	97.12         	6.49(-03)	96.70         	6.77(-03)
         	         	99.06         	5.71(-03)	98.58         	6.02(-03)	98.12         	6.31(-03)	97.70         	6.59(-03)
         	         	         	         	99.58         	5.85(-03)	99.12         	6.14(-03)	98.70         	6.40(-03)
         	         	         	         	         	         	         	         	99.70         	6.23(-03)




Energy         	v=5         	Energy         	v=6         	Energy         	v=7         	Energy         	v=8         	Energy         	v=9
2.30         	2.89(-15)	1.94         	9.19(-13)	1.60         	1.76(-10)	1.30         	1.98(-08)	1.02         	1.25(-06)
3.30         	2.07(-02)	2.94         	5.69(-02)	2.60         	7.16(-02)	2.30         	8.40(-02)	2.02         	9.55(-02)
4.30         	1.20(-01)	3.94         	1.49(-01)	3.60         	1.59(-01)	3.30         	1.79(-01)	3.02         	1.94(-01)
5.30         	2.02(-01)	4.94         	2.26(-01)	4.60         	2.37(-01)	4.30         	2.58(-01)	4.02         	2.76(-01)
6.30         	2.74(-01)	5.94         	2.86(-01)	5.60         	3.06(-01)	5.30         	3.28(-01)	5.02         	3.44(-01)
7.30         	3.20(-01)	6.94         	3.45(-01)	6.60         	3.68(-01)	6.30         	3.82(-01)	6.02         	3.96(-01)
8.30         	3.80(-01)	7.94         	3.94(-01)	7.60         	4.07(-01)	7.30         	4.27(-01)	7.02         	4.47(-01)
9.30         	4.11(-01)	8.94         	4.35(-01)	8.60         	4.56(-01)	8.30         	4.70(-01)	8.02         	4.83(-01)
10.30         	4.54(-01)	9.94         	4.64(-01)	9.60         	4.81(-01)	9.30         	5.00(-01)	9.02         	5.18(-01)
11.30         	4.90(-01)	10.94         	5.05(-01)	10.60         	5.15(-01)	10.30         	5.26(-01)	10.02         	5.39(-01)
12.30         	5.05(-01)	11.94         	5.26(-01)	11.60         	5.43(-01)	11.30         	5.56(-01)	11.02         	5.67(-01)
13.30         	5.28(-01)	12.94         	5.39(-01)	12.60         	5.55(-01)	12.30         	5.71(-01)	12.02         	5.86(-01)
14.30         	5.62(-01)	13.94         	5.63(-01)	13.60         	5.71(-01)	13.30         	5.82(-01)	13.02         	5.95(-01)
15.30         	5.70(-01)	14.94         	5.94(-01)	14.60         	5.95(-01)	14.30         	6.00(-01)	14.02         	6.07(-01)
16.30         	5.17(-01)	15.94         	5.44(-01)	15.60         	5.71(-01)	15.30         	5.97(-01)	15.02         	6.24(-01)
17.30         	4.65(-01)	16.94         	4.91(-01)	16.60         	5.16(-01)	16.30         	5.39(-01)	16.02         	5.62(-01)
18.30         	4.17(-01)	17.94         	4.41(-01)	17.60         	4.63(-01)	17.30         	4.85(-01)	17.02         	5.05(-01)
19.30         	3.74(-01)	18.94         	3.95(-01)	18.60         	4.16(-01)	18.30         	4.35(-01)	18.02         	4.53(-01)
20.30         	3.36(-01)	19.94         	3.55(-01)	19.60         	3.73(-01)	19.30         	3.91(-01)	19.02         	4.07(-01)
21.30         	3.03(-01)	20.94         	3.20(-01)	20.60         	3.36(-01)	20.30         	3.52(-01)	20.02         	3.66(-01)
22.30         	2.74(-01)	21.94         	2.89(-01)	21.60         	3.03(-01)	21.30         	3.17(-01)	21.02         	3.30(-01)
23.30         	2.48(-01)	22.94         	2.62(-01)	22.60         	2.75(-01)	22.30         	2.87(-01)	22.02         	2.99(-01)
24.30         	2.26(-01)	23.94         	2.38(-01)	23.60         	2.50(-01)	23.30         	2.61(-01)	23.02         	2.71(-01)
25.30         	2.07(-01)	24.94         	2.17(-01)	24.60         	2.28(-01)	24.30         	2.38(-01)	24.02         	2.47(-01)
26.30         	1.89(-01)	25.94         	1.99(-01)	25.60         	2.08(-01)	25.30         	2.17(-01)	25.02         	2.25(-01)
27.30         	1.74(-01)	26.94         	1.83(-01)	26.60         	1.91(-01)	26.30         	1.99(-01)	26.02         	2.06(-01)
28.30         	1.60(-01)	27.94         	1.68(-01)	27.60         	1.76(-01)	27.30         	1.83(-01)	27.02         	1.90(-01)
29.30         	1.47(-01)	28.94         	1.55(-01)	28.60         	1.62(-01)	28.30         	1.68(-01)	28.02         	1.74(-01)
30.30         	1.36(-01)	29.94         	1.43(-01)	29.60         	1.49(-01)	29.30         	1.55(-01)	29.02         	1.61(-01)
31.30         	1.26(-01)	30.94         	1.32(-01)	30.60         	1.38(-01)	30.30         	1.44(-01)	30.02         	1.49(-01)
32.30         	1.17(-01)	31.94         	1.23(-01)	31.60         	1.28(-01)	31.30         	1.33(-01)	31.02         	1.38(-01)
33.30         	1.09(-01)	32.94         	1.14(-01)	32.60         	1.19(-01)	32.30         	1.24(-01)	32.02         	1.28(-01)
34.30         	1.02(-01)	33.94         	1.06(-01)	33.60         	1.11(-01)	33.30         	1.15(-01)	33.02         	1.19(-01)
35.30         	9.48(-02)	34.94         	9.92(-02)	34.60         	1.03(-01)	34.30         	1.07(-01)	34.02         	1.11(-01)
36.30         	8.86(-02)	35.94         	9.27(-02)	35.60         	9.66(-02)	35.30         	1.00(-01)	35.02         	1.04(-01)
37.30         	8.29(-02)	36.94         	8.67(-02)	36.60         	9.03(-02)	36.30         	9.37(-02)	36.02         	9.68(-02)
38.30         	7.78(-02)	37.94         	8.13(-02)	37.60         	8.46(-02)	37.30         	8.77(-02)	37.02         	9.06(-02)
39.30         	7.30(-02)	38.94         	7.63(-02)	38.60         	7.94(-02)	38.30         	8.23(-02)	38.02         	8.50(-02)
40.30         	6.86(-02)	39.94         	7.17(-02)	39.60         	7.46(-02)	39.30         	7.73(-02)	39.02         	7.98(-02)
41.30         	6.46(-02)	40.94         	6.75(-02)	40.60         	7.02(-02)	40.30         	7.27(-02)	40.02         	7.50(-02)
42.30         	6.09(-02)	41.94         	6.36(-02)	41.60         	6.61(-02)	41.30         	6.84(-02)	41.02         	7.06(-02)
43.30         	5.74(-02)	42.94         	5.99(-02)	42.60         	6.23(-02)	42.30         	6.45(-02)	42.02         	6.66(-02)
44.30         	5.42(-02)	43.94         	5.66(-02)	43.60         	5.88(-02)	43.30         	6.09(-02)	43.02         	6.28(-02)
45.30         	5.13(-02)	44.94         	5.35(-02)	44.60         	5.56(-02)	44.30         	5.75(-02)	44.02         	5.93(-02)
46.30         	4.86(-02)	45.94         	5.06(-02)	45.60         	5.26(-02)	45.30         	5.44(-02)	45.02         	5.61(-02)
47.30         	4.60(-02)	46.94         	4.80(-02)	46.60         	4.98(-02)	46.30         	5.15(-02)	46.02         	5.31(-02)
48.30         	4.36(-02)	47.94         	4.55(-02)	47.60         	4.72(-02)	47.30         	4.88(-02)	47.02         	5.03(-02)
49.30         	4.14(-02)	48.94         	4.32(-02)	48.60         	4.48(-02)	48.30         	4.63(-02)	48.02         	4.77(-02)
50.30         	3.94(-02)	49.94         	4.10(-02)	49.60         	4.25(-02)	49.30         	4.40(-02)	49.02         	4.53(-02)
51.30         	3.74(-02)	50.94         	3.90(-02)	50.60         	4.04(-02)	50.30         	4.18(-02)	50.02         	4.31(-02)
52.30         	3.56(-02)	51.94         	3.71(-02)	51.60         	3.85(-02)	51.30         	3.98(-02)	51.02         	4.09(-02)
53.30         	3.39(-02)	52.94         	3.53(-02)	52.60         	3.66(-02)	52.30         	3.79(-02)	52.02         	3.90(-02)
54.30         	3.24(-02)	53.94         	3.37(-02)	53.60         	3.49(-02)	53.30         	3.61(-02)	53.02         	3.71(-02)
55.30         	3.09(-02)	54.94         	3.21(-02)	54.60         	3.33(-02)	54.30         	3.44(-02)	54.02         	3.53(-02)
56.30         	2.95(-02)	55.94         	3.07(-02)	55.60         	3.18(-02)	55.30         	3.28(-02)	55.02         	3.37(-02)
57.30         	2.82(-02)	56.94         	2.93(-02)	56.60         	3.04(-02)	56.30         	3.13(-02)	56.02         	3.21(-02)
58.30         	2.69(-02)	57.94         	2.80(-02)	57.60         	2.90(-02)	57.30         	3.00(-02)	57.02         	3.07(-02)
59.30         	2.58(-02)	58.94         	2.68(-02)	58.60         	2.77(-02)	58.30         	2.87(-02)	58.02         	2.93(-02)
60.30         	2.47(-02)	59.94         	2.56(-02)	59.60         	2.66(-02)	59.30         	2.74(-02)	59.02         	2.80(-02)
61.30         	2.36(-02)	60.94         	2.46(-02)	60.60         	2.54(-02)	60.30         	2.63(-02)	60.02         	2.68(-02)
62.30         	2.26(-02)	61.94         	2.35(-02)	61.60         	2.44(-02)	61.30         	2.52(-02)	61.02         	2.56(-02)
63.30         	2.17(-02)	62.94         	2.26(-02)	62.60         	2.34(-02)	62.30         	2.41(-02)	62.02         	2.45(-02)
64.30         	2.08(-02)	63.94         	2.17(-02)	63.60         	2.24(-02)	63.30         	2.32(-02)	63.02         	2.35(-02)
65.30         	2.00(-02)	64.94         	2.08(-02)	64.60         	2.15(-02)	64.30         	2.22(-02)	64.02         	2.25(-02)
66.30         	1.92(-02)	65.94         	2.00(-02)	65.60         	2.07(-02)	65.30         	2.14(-02)	65.02         	2.16(-02)
67.30         	1.85(-02)	66.94         	1.92(-02)	66.60         	1.99(-02)	66.30         	2.05(-02)	66.02         	2.08(-02)
68.30         	1.78(-02)	67.94         	1.85(-02)	67.60         	1.91(-02)	67.30         	1.97(-02)	67.02         	2.00(-02)
69.30         	1.71(-02)	68.94         	1.78(-02)	68.60         	1.84(-02)	68.30         	1.90(-02)	68.02         	1.93(-02)
70.30         	1.65(-02)	69.94         	1.71(-02)	69.60         	1.77(-02)	69.30         	1.83(-02)	69.02         	1.86(-02)
71.30         	1.59(-02)	70.94         	1.65(-02)	70.60         	1.70(-02)	70.30         	1.76(-02)	70.02         	1.79(-02)
72.30         	1.53(-02)	71.94         	1.59(-02)	71.60         	1.64(-02)	71.30         	1.69(-02)	71.02         	1.73(-02)
73.30         	1.47(-02)	72.94         	1.53(-02)	72.60         	1.58(-02)	72.30         	1.63(-02)	72.02         	1.68(-02)
74.30         	1.42(-02)	73.94         	1.47(-02)	73.60         	1.52(-02)	73.30         	1.57(-02)	73.02         	1.63(-02)
75.30         	1.37(-02)	74.94         	1.42(-02)	74.60         	1.47(-02)	74.30         	1.52(-02)	74.02         	1.58(-02)
76.30         	1.32(-02)	75.94         	1.37(-02)	75.60         	1.42(-02)	75.30         	1.46(-02)	75.02         	1.53(-02)
77.30         	1.28(-02)	76.94         	1.33(-02)	76.60         	1.37(-02)	76.30         	1.41(-02)	76.02         	1.49(-02)
78.30         	1.23(-02)	77.94         	1.28(-02)	77.60         	1.32(-02)	77.30         	1.36(-02)	77.02         	1.45(-02)
79.30         	1.19(-02)	78.94         	1.24(-02)	78.60         	1.28(-02)	78.30         	1.31(-02)	78.02         	1.42(-02)
80.30         	1.15(-02)	79.94         	1.20(-02)	79.60         	1.24(-02)	79.30         	1.26(-02)	79.02         	1.38(-02)
81.30         	1.12(-02)	80.94         	1.16(-02)	80.60         	1.20(-02)	80.30         	1.22(-02)	80.02         	1.35(-02)
82.30         	1.08(-02)	81.94         	1.12(-02)	81.60         	1.16(-02)	81.30         	1.17(-02)	81.02         	1.32(-02)
83.30         	1.04(-02)	82.94         	1.08(-02)	82.60         	1.12(-02)	82.30         	1.13(-02)	82.02         	1.28(-02)
84.30         	1.01(-02)	83.94         	1.05(-02)	83.60         	1.09(-02)	83.30         	1.09(-02)	83.02         	1.25(-02)
85.30         	9.80(-03)	84.94         	1.02(-02)	84.60         	1.05(-02)	84.30         	1.05(-02)	84.02         	1.22(-02)
86.30         	9.49(-03)	85.94         	9.84(-03)	85.60         	1.02(-02)	85.30         	1.02(-02)	85.02         	1.18(-02)
87.30         	9.20(-03)	86.94         	9.54(-03)	86.60         	9.90(-03)	86.30         	9.84(-03)	86.02         	1.15(-02)
88.30         	8.92(-03)	87.94         	9.24(-03)	87.60         	9.60(-03)	87.30         	9.51(-03)	87.02         	1.11(-02)
89.30         	8.65(-03)	88.94         	8.96(-03)	88.60         	9.32(-03)	88.30         	9.20(-03)	88.02         	1.08(-02)
90.30         	8.39(-03)	89.94         	8.69(-03)	89.60         	9.05(-03)	89.30         	8.91(-03)	89.02         	1.04(-02)
91.30         	8.15(-03)	90.94         	8.43(-03)	90.60         	8.79(-03)	90.30         	8.64(-03)	90.02         	1.00(-02)
92.30         	7.91(-03)	91.94         	8.19(-03)	91.60         	8.53(-03)	91.30         	8.39(-03)	91.02         	9.62(-03)
93.30         	7.68(-03)	92.94         	7.95(-03)	92.60         	8.29(-03)	92.30         	8.15(-03)	92.02         	9.21(-03)
94.30         	7.46(-03)	93.94         	7.72(-03)	93.60         	8.05(-03)	93.30         	7.93(-03)	93.02         	8.79(-03)
95.30         	7.25(-03)	94.94         	7.49(-03)	94.60         	7.83(-03)	94.30         	7.73(-03)	94.02         	8.37(-03)
96.30         	7.04(-03)	95.94         	7.28(-03)	95.60         	7.60(-03)	95.30         	7.55(-03)	95.02         	7.95(-03)
97.30         	6.85(-03)	96.94         	7.08(-03)	96.60         	7.39(-03)	96.30         	7.38(-03)	96.02         	7.53(-03)
98.30         	6.66(-03)	97.94         	6.88(-03)	97.60         	7.18(-03)	97.30         	7.23(-03)	97.02         	7.11(-03)
99.30         	6.48(-03)	98.94         	6.69(-03)	98.60         	6.98(-03)	98.30         	7.09(-03)	98.02         	6.69(-03)
         	         	99.94         	6.51(-03)	99.60         	6.78(-03)	99.30         	6.96(-03)	99.02         	6.29(-03)



Energy         	v=10         	Energy         	v=11         	Energy         	v=12         	Energy         	v=13
0.78         	4.18(-05)	0.56         	6.60(-04)	0.38         	4.21(-03)	0.22         	9.10(-03)
1.78         	1.09(-01)	1.56         	1.16(-01)	1.38         	1.26(-01)	1.22         	1.36(-01)
2.78         	2.05(-01)	2.56         	2.19(-01)	2.38         	2.33(-01)	2.22         	2.45(-01)
3.78         	2.89(-01)	3.56         	3.03(-01)	3.38         	3.17(-01)	3.22         	3.32(-01)
4.78         	3.57(-01)	4.56         	3.72(-01)	4.38         	3.88(-01)	4.22         	4.03(-01)
5.78         	4.13(-01)	5.56         	4.30(-01)	5.38         	4.46(-01)	5.22         	4.61(-01)
6.78         	4.64(-01)	6.56         	4.78(-01)	6.38         	4.92(-01)	6.22         	5.05(-01)
7.78         	4.97(-01)	7.56         	5.12(-01)	7.38         	5.28(-01)	7.22         	5.42(-01)
8.78         	5.34(-01)	8.56         	5.47(-01)	8.38         	5.59(-01)	8.22         	5.72(-01)
9.78         	5.54(-01)	9.56         	5.69(-01)	9.38         	5.84(-01)	9.22         	5.96(-01)
10.78         	5.78(-01)	10.56         	5.89(-01)	10.38         	6.01(-01)	10.22         	6.12(-01)
11.78         	5.99(-01)	11.56         	6.10(-01)	11.38         	6.20(-01)	11.22         	6.30(-01)
12.78         	6.08(-01)	12.56         	6.21(-01)	12.38         	6.32(-01)	12.22         	6.42(-01)
13.78         	6.17(-01)	13.56         	6.27(-01)	13.38         	6.38(-01)	13.22         	6.48(-01)
14.78         	6.31(-01)	14.56         	6.38(-01)	14.38         	6.46(-01)	14.22         	6.54(-01)
15.78         	5.84(-01)	15.56         	6.05(-01)	15.38         	6.24(-01)	15.22         	6.43(-01)
16.78         	5.24(-01)	16.56         	5.42(-01)	16.38         	5.58(-01)	16.22         	5.73(-01)
17.78         	4.70(-01)	17.56         	4.86(-01)	17.38         	5.00(-01)	17.22         	5.12(-01)
18.78         	4.22(-01)	18.56         	4.36(-01)	18.38         	4.48(-01)	18.22         	4.59(-01)
19.78         	3.79(-01)	19.56         	3.92(-01)	19.38         	4.02(-01)	19.22         	4.12(-01)
20.78         	3.42(-01)	20.56         	3.53(-01)	20.38         	3.62(-01)	20.22         	3.71(-01)
21.78         	3.09(-01)	21.56         	3.19(-01)	21.38         	3.27(-01)	21.22         	3.35(-01)
22.78         	2.80(-01)	22.56         	2.89(-01)	22.38         	2.96(-01)	22.22         	3.05(-01)
23.78         	2.55(-01)	23.56         	2.63(-01)	23.38         	2.70(-01)	23.22         	2.78(-01)
24.78         	2.33(-01)	24.56         	2.40(-01)	24.38         	2.46(-01)	24.22         	2.54(-01)
25.78         	2.13(-01)	25.56         	2.19(-01)	25.38         	2.25(-01)	25.22         	2.34(-01)
26.78         	1.96(-01)	26.56         	2.01(-01)	26.38         	2.06(-01)	26.22         	2.16(-01)
27.78         	1.80(-01)	27.56         	1.85(-01)	27.38         	1.89(-01)	27.22         	2.00(-01)
28.78         	1.66(-01)	28.56         	1.71(-01)	28.38         	1.74(-01)	28.22         	1.86(-01)
29.78         	1.54(-01)	29.56         	1.58(-01)	29.38         	1.60(-01)	29.22         	1.73(-01)
30.78         	1.42(-01)	30.56         	1.46(-01)	30.38         	1.48(-01)	30.22         	1.62(-01)
31.78         	1.32(-01)	31.56         	1.35(-01)	31.38         	1.37(-01)	31.22         	1.51(-01)
32.78         	1.23(-01)	32.56         	1.26(-01)	32.38         	1.27(-01)	32.22         	1.41(-01)
33.78         	1.14(-01)	33.56         	1.17(-01)	33.38         	1.18(-01)	33.22         	1.31(-01)
34.78         	1.07(-01)	34.56         	1.10(-01)	34.38         	1.10(-01)	34.22         	1.22(-01)
35.78         	9.96(-02)	35.56         	1.03(-01)	35.38         	1.02(-01)	35.22         	1.13(-01)
36.78         	9.32(-02)	36.56         	9.60(-02)	36.38         	9.55(-02)	36.22         	1.04(-01)
37.78         	8.73(-02)	37.56         	9.01(-02)	37.38         	8.95(-02)	37.22         	9.47(-02)
38.78         	8.19(-02)	38.56         	8.46(-02)	38.38         	8.43(-02)	38.22         	8.61(-02)
39.78         	7.70(-02)	39.56         	7.95(-02)	39.38         	7.96(-02)	39.22         	7.77(-02)
40.78         	7.24(-02)	40.56         	7.49(-02)	40.38         	7.55(-02)	40.22         	6.96(-02)
41.78         	6.82(-02)	41.56         	7.05(-02)	41.38         	7.20(-02)	41.22         	6.19(-02)
42.78         	6.44(-02)	42.56         	6.64(-02)	42.38         	6.89(-02)	42.22         	5.47(-02)
43.78         	6.08(-02)	43.56         	6.26(-02)	43.38         	6.62(-02)	43.22         	4.81(-02)
44.78         	5.75(-02)	44.56         	5.90(-02)	44.38         	6.39(-02)	44.22         	4.21(-02)
45.78         	5.44(-02)	45.56         	5.55(-02)	45.38         	6.18(-02)	45.22         	3.68(-02)
46.78         	5.16(-02)	46.56         	5.23(-02)	46.38         	5.99(-02)	46.22         	3.23(-02)
47.78         	4.89(-02)	47.56         	4.92(-02)	47.38         	5.82(-02)	47.22         	2.85(-02)
48.78         	4.65(-02)	48.56         	4.63(-02)	48.38         	5.66(-02)	48.22         	2.56(-02)
49.78         	4.43(-02)	49.56         	4.35(-02)	49.38         	5.49(-02)	49.22         	2.34(-02)
50.78         	4.22(-02)	50.56         	4.09(-02)	50.38         	5.33(-02)	50.22         	2.19(-02)
51.78         	4.03(-02)	51.56         	3.85(-02)	51.38         	5.15(-02)	51.22         	2.10(-02)
52.78         	3.85(-02)	52.56         	3.62(-02)	52.38         	4.96(-02)	52.22         	2.08(-02)
53.78         	3.68(-02)	53.56         	3.41(-02)	53.38         	4.76(-02)	53.22         	2.10(-02)
54.78         	3.52(-02)	54.56         	3.22(-02)	54.38         	4.54(-02)	54.22         	2.16(-02)
55.78         	3.38(-02)	55.56         	3.05(-02)	55.38         	4.30(-02)	55.22         	2.24(-02)
56.78         	3.24(-02)	56.56         	2.90(-02)	56.38         	4.05(-02)	56.22         	2.35(-02)
57.78         	3.11(-02)	57.56         	2.76(-02)	57.38         	3.79(-02)	57.22         	2.46(-02)
58.78         	2.98(-02)	58.56         	2.65(-02)	58.38         	3.52(-02)	58.22         	2.57(-02)
59.78         	2.86(-02)	59.56         	2.55(-02)	59.38         	3.24(-02)	59.22         	2.68(-02)
60.78         	2.75(-02)	60.56         	2.47(-02)	60.38         	2.96(-02)	60.22         	2.77(-02)
61.78         	2.63(-02)	61.56         	2.41(-02)	61.38         	2.68(-02)	61.22         	2.84(-02)
62.78         	2.52(-02)	62.56         	2.36(-02)	62.38         	2.41(-02)	62.22         	2.90(-02)
63.78         	2.42(-02)	63.56         	2.33(-02)	63.38         	2.15(-02)	63.22         	2.93(-02)
64.78         	2.31(-02)	64.56         	2.31(-02)	64.38         	1.90(-02)	64.22         	2.93(-02)
65.78         	2.20(-02)	65.56         	2.29(-02)	65.38         	1.67(-02)	65.22         	2.92(-02)
66.78         	2.10(-02)	66.56         	2.29(-02)	66.38         	1.46(-02)	66.22         	2.88(-02)
67.78         	1.99(-02)	67.56         	2.29(-02)	67.38         	1.27(-02)	67.22         	2.83(-02)
68.78         	1.89(-02)	68.56         	2.29(-02)	68.38         	1.11(-02)	68.22         	2.76(-02)
69.78         	1.79(-02)	69.56         	2.29(-02)	69.38         	9.70(-03)	69.22         	2.68(-02)
70.78         	1.69(-02)	70.56         	2.28(-02)	70.38         	8.54(-03)	70.22         	2.60(-02)
71.78         	1.59(-02)	71.56         	2.28(-02)	71.38         	7.61(-03)	71.22         	2.50(-02)
72.78         	1.50(-02)	72.56         	2.26(-02)	72.38         	6.91(-03)	72.22         	2.41(-02)
73.78         	1.41(-02)	73.56         	2.24(-02)	73.38         	6.42(-03)	73.22         	2.32(-02)
74.78         	1.32(-02)	74.56         	2.21(-02)	74.38         	6.11(-03)	74.22         	2.23(-02)
75.78         	1.24(-02)	75.56         	2.17(-02)	75.38         	5.95(-03)	75.22         	2.14(-02)
76.78         	1.17(-02)	76.56         	2.12(-02)	76.38         	5.93(-03)	76.22         	2.07(-02)
77.78         	1.10(-02)	77.56         	2.07(-02)	77.38         	6.02(-03)	77.22         	1.99(-02)
78.78         	1.05(-02)	78.56         	2.00(-02)	78.38         	6.19(-03)	78.22         	1.93(-02)
79.78         	9.93(-03)	79.56         	1.92(-02)	79.38         	6.42(-03)	79.22         	1.88(-02)
80.78         	9.48(-03)	80.56         	1.84(-02)	80.38         	6.67(-03)	80.22         	1.83(-02)
81.78         	9.11(-03)	81.56         	1.75(-02)	81.38         	6.94(-03)	81.22         	1.78(-02)
82.78         	8.82(-03)	82.56         	1.66(-02)	82.38         	7.21(-03)	82.22         	1.74(-02)
83.78         	8.60(-03)	83.56         	1.56(-02)	83.38         	7.45(-03)	83.22         	1.71(-02)
84.78         	8.45(-03)	84.56         	1.46(-02)	84.38         	7.66(-03)	84.22         	1.68(-02)
85.78         	8.36(-03)	85.56         	1.36(-02)	85.38         	7.83(-03)	85.22         	1.65(-02)
86.78         	8.34(-03)	86.56         	1.26(-02)	86.38         	7.95(-03)	86.22         	1.63(-02)
87.78         	8.36(-03)	87.56         	1.16(-02)	87.38         	8.02(-03)	87.22         	1.60(-02)
88.78         	8.43(-03)	88.56         	1.07(-02)	88.38         	8.04(-03)	88.22         	1.57(-02)
89.78         	8.54(-03)	89.56         	9.76(-03)	89.38         	8.02(-03)	89.22         	1.54(-02)
90.78         	8.68(-03)	90.56         	8.90(-03)	90.38         	7.96(-03)	90.22         	1.51(-02)
91.78         	8.84(-03)	91.56         	8.11(-03)	91.38         	7.86(-03)	91.22         	1.48(-02)
92.78         	9.01(-03)	92.56         	7.38(-03)	92.38         	7.73(-03)	92.22         	1.45(-02)
93.78         	9.18(-03)	93.56         	6.71(-03)	93.38         	7.57(-03)	93.22         	1.41(-02)
94.78         	9.35(-03)	94.56         	6.12(-03)	94.38         	7.40(-03)	94.22         	1.37(-02)
95.78         	9.50(-03)	95.56         	5.59(-03)	95.38         	7.22(-03)	95.22         	1.33(-02)
96.78         	9.64(-03)	96.56         	5.14(-03)	96.38         	7.04(-03)	96.22         	1.29(-02)
97.78         	9.75(-03)	97.56         	4.75(-03)	97.38         	6.86(-03)	97.22         	1.25(-02)
98.78         	9.83(-03)	98.56         	4.42(-03)	98.38         	6.69(-03)	98.22         	1.21(-02)
99.78         	9.88(-03)	99.56         	4.15(-03)	99.38         	6.54(-03)	99.22         	1.16(-02)

